100
5
1 2 3 4 5
3
3 5 6
2
5 6
2
5 5
1000
87302 583809 397752 914661 614482 522525 938170 285681 848594 422135 676025 968658 806758 604706 805566 24398 428605 859577 753004 451118 229337 347119 429745 115453 936899 647939 529747 182066 322452 412525 145472 334435 366148 736519 907164 8859 136682 855132 9970 258172 563459 532558 217183 753429 712506 5461 711998 376745 492554 576937 651071 802277 180804 190709 205333 182173 789082 859412 362846 687425 791698 861642 770108 582005 798882 325033 594356 271032 404665 379397 497341 1601 437285 497239 909319 709285 150924 392719 755993 83474 864122 47029 674000 565294 958028 369568 308948 179696 277543 317103 578865 278527 179782 866693 68632 955925 258402 765024 734566 954963 770451 8931 760131 969318 788132 519337 47463 22021 246110 721923 155127 560815 751450 567288 729361 800639 723920 6586 661459 574527 820819 258101 143080 51057 450239 162503 771718 583304 376046 340107 90139 131791 890502 169890 536067 572199 751372 164808 394287 134538 115371 374532 530466 322301 389711 557887 29513 852780 18197 402820 714443 7619 147941 21064 137714 582872 744143 966096 531355 879676 416419 527744 957657 26505 910759 300937 439833 936541 436931 920900 671604 147460 976390 30288 689656 320251 963318 243489 183304 253338 712191 398289 608910 912059 714205 825200 273706 85020 510107 178669 759277 549711 596733 212879 397755 828617 637318 329348 550958 518994 849568 639799 103134 89386 219960 823157 377859 3066 644332 445001 229847 71911 706407 528748 929529 204775 363559 830657 726560 226241 249465 719171 417243 4 462494 925054 497881 399984 375818 80496 870687 139087 422122 466528 272493 47027 47947 881634 938951 543136 982915 868958 684065 196699 224185 33295 733259 18652 922501 664893 854389 459146 854035 448658 314485 884514 31710 787754 550299 880728 867309 82463 386630 480249 601039 90435 866702 61707 28581 903641 526577 897954 345019 980170 936650 127941 329631 73948 554647 92368 747312 250615 898994 418605 265735 217329 871303 436181 741663 413613 761695 153346 722546 123883 992320 101048 643831 54706 38638 839520 966650 31050 338784 364815 54697 403974 369681 403061 699198 425439 36523 646493 214897 469369 687109 31348 942495 958531 487153 126116 452493 777321 698755 898566 770096 786893 719204 312579 234274 811196 584189 329697 863089 42368 877863 155789 544392 550952 628898 13907 630980 72945 153366 292570 925158 190521 728919 855271 846339 589227 491123 381058 326707 543519 898383 747487 73136 778666 14067 855055 130167 38019 662990 163876 528965 406532 92905 150592 806288 929616 961899 965443 926923 49871 407267 989283 865514 938068 330686 118679 163211 280155 95471 478755 231051 384384 360205 978114 955257 740797 670740 203973 839369 571655 155088 861564 593945 394231 185507 711761 110212 139387 873235 179511 719957 440699 465106 578248 658230 141784 861121 64178 764217 606221 325649 947068 709812 343482 899537 817422 80960 125218 488696 628762 753320 991402 892982 343675 617155 503243 635943 177993 331555 546190 896148 962758 955969 613687 96216 996440 615746 486469 576206 465845 719651 972037 589234 572994 815693 174648 522301 213266 246678 998932 387809 546966 310454 432788 784924 464943 491155 793454 535480 998388 584103 459525 299764 640441 926004 54471 746675 181933 396444 73479 693721 737629 385767 321421 537110 406934 387518 252772 713301 961955 228785 681382 420744 385919 898316 836748 871451 160270 427193 366260 468356 607850 171167 474274 465948 110316 53409 669860 174621 473188 737368 318616 541690 987051 526284 88267 819885 206764 579943 108548 372322 488583 296572 576472 151298 397288 550024 577977 667474 454761 831439 817862 471825 325365 469880 336340 562650 965779 325693 851013 737134 157562 338912 803820 521395 719604 163961 955027 70537 688 636620 870458 366810 759188 509896 180766 109128 657916 639617 151501 554294 6130 590540 568128 630150 851344 43938 292011 875131 437701 371298 447151 119781 477066 976005 671031 682541 4092 589653 451325 200836 642064 345648 517599 832963 132968 267017 283834 297840 706905 54969 266051 79665 543221 373686 57423 74284 373672 998527 59159 418249 624882 656734 456818 215171 334628 395321 433130 715498 12049 697422 190092 695224 768634 50014 894445 862209 63423 622459 991867 971785 323324 209267 90840 983493 915144 184099 567808 419225 926014 228281 956466 178220 182102 132418 677204 44795 397811 277937 557117 258619 701461 701177 132880 518725 845222 375644 601219 518132 6061 304945 162733 770235 462134 741238 769146 374375 257293 542815 520566 840618 926204 832731 216589 198742 437241 273442 932599 487352 2210 261846 243497 328204 569831 159399 903637 897857 93878 613702 125980 490590 158029 257705 960693 442134 349148 172177 442600 611594 705128 754828 514329 9933 261890 151043 893633 121502 67178 246619 623124 99791 508437 540670 179606 676464 896706 825938 414719 920861 667441 775615 327190 375429 938659 647783 285701 218512 540844 13559 197942 415008 356875 147386 380379 314636 229834 449998 869191 400273 785518 127923 916383 557851 367395 304117 402044 235005 96619 80 701255 818317 285273 3750 827476 993137 539045 253887 767412 349493 262154 570711 810374 313439 268117 446379 528043 963609 346034 475217 878878 872624 133911 547823 287951 37340 70052 620611 39143 63724 625240 269443 448599 588019 388494 13124 788485 63633 584807 443640 723138 327130 708475 494183 346558 269846 338015 18061 582358 818388 453037 753370 972931 127050 927462 706354 224241 953599 625550 888323 195892 370474 716738 84827 387022 787529 906553 94769 12082 15038 183108 783205 120796 797878 469184 221353 840518 948683 892732 158111 141771 423154 872313 209368 850709 375404 669074 95436 621554 453333 190927 605367 141530 170266 274569 798079 695191 81845 20961 492385 467997 249462 859170 5726 685060 374900 752181 91666 891698 594922 22995 340100 887370 38134 591981 636914 838767 134867 364334 413575 713421 703928 559719 562080 677105 199967 209650 699540 117987 383682 220417 958072 429897 968369 241744 484410 330972 422721 374185 579261 549212 774750 6326 117678 930547 394687 181025 686410 375409 338854 486264 947181 294562 786595 384388 755964 258183 289597 467443 352085 963054 713633 60717 100530 999379 137825 182119 356269 360121 168217 611747 335539 729655 28540 284521 93695 476882 697193 769632 750778 894663 444234 923927 692521 732143 392886 210156 176936 21384 794271 397208 163385 835937 657149 87668 417779 82738 418143 633168 62960 228595 470282 933091 945038 594209 861247 149922 420529 737436 272358 304164 340361 955020 412742 651643 498162 614715 565510 54543 935008 452529 844781 468384 47229 964986 944775 608156 307904 884345 257109 976829 296132 994180 25625 901072 947789 183611 187096 893012 879107 720956 369194 823844 737200 140486 747102 257795 353066 114838 413000 723320 340568 929158 366736 130775 912933 329873 163579 718204 656707 797045 440604 616106 971994 674816 788442 952836
1000
772428 958315 351134 72679 386433 785998 21846 705359 855718 436013 904359 108339 929184 24716 496666 127142 426424 373558 916988 318905 642807 472224 771819 471002 228544 307422 821933 528692 123496 608655 352863 545069 296350 766827 774413 171834 238471 140371 632790 422547 636644 736625 434106 216678 728534 989087 965829 15864 373285 459928 107452 521549 718472 604203 798523 590139 444590 309577 481342 873846 847066 996503 932976 145964 309194 921227 486274 44085 898598 989794 647742 678485 599218 253733 451969 313871 459233 396980 814274 995209 182727 803387 362443 802551 145712 957212 677742 452593 280069 210751 730093 360196 489799 806194 143967 975377 630064 680379 382806 727467 142570 749503 803898 70876 467336 914948 457331 139605 479665 60305 117447 316749 897007 239935 385911 455376 35723 322064 187349 777076 271517 128796 839580 295111 708145 55831 813838 396461 315284 989129 725467 445741 327804 702102 127084 938862 392000 804026 622604 135725 247617 57889 917904 199932 414019 432131 867079 166516 222175 763075 639592 955091 820183 569152 183055 104881 45761 362647 549575 405863 398906 342201 369358 641917 705548 453455 573477 649615 206717 63313 105495 124000 80644 125068 36707 572439 22147 780753 56517 264754 66963 447694 139368 575270 53024 180081 661482 650312 141309 794490 369697 323090 989102 734153 647379 873780 519237 125526 999401 885798 569848 864991 134673 19979 356857 34821 27694 628469 109021 183733 536878 876318 243925 330807 563422 120755 938376 491835 10492 637042 741244 920213 956520 664832 364451 970205 785316 541190 470512 598935 108247 784462 915461 435913 907925 698794 911410 635028 999117 656670 673710 348827 600314 166297 475383 279922 599657 482054 711045 289413 83403 855941 960737 472776 887169 540589 62307 10296 766494 847275 702076 378911 21653 257282 796 513565 377316 671492 493630 410967 952494 328183 674859 812393 548777 145812 657336 798995 635869 47432 138494 944024 328795 745490 661736 408853 720242 532005 857716 716237 306710 763079 48473 890488 736098 117588 340814 134439 856129 839111 933822 788079 551690 696224 455923 520149 595943 822839 896370 464190 884478 430658 931178 100363 416218 380276 846652 369750 198471 205957 423829 904865 37130 458486 858054 108794 406133 585649 216480 753263 710821 628861 889068 766508 842835 649876 720575 320129 393296 234174 360780 308629 706814 303697 986706 120508 992195 140701 85684 49944 576611 553613 256228 368097 840039 398278 746390 249536 609405 11301 544062 965488 941588 861002 890360 375432 10244 975263 830570 735144 76865 136903 505071 176173 179091 918128 683070 640215 693937 171748 462247 925698 151496 4945 64164 196488 813189 466928 113910 324248 740394 848944 707992 519560 368147 786517 954115 352377 180436 708478 490243 382612 605271 876158 346807 720143 317112 148773 770403 602144 522256 571759 540191 596924 440460 103689 407694 764675 255248 499658 338041 637317 818452 906194 803024 741659 24641 58270 206630 427409 702421 583379 691481 717137 13002 263288 30987 728150 135455 819433 9124 659698 729744 111264 956437 304663 204674 469633 587942 342882 958846 748565 306913 470183 311667 638908 817288 571240 572250 793761 292728 701415 390778 336051 375943 687669 393250 288921 879676 449378 815030 470028 598186 877404 96145 89103 541101 907092 1304 218126 676978 10467 209150 195794 588724 920628 654965 199945 258592 655592 714902 945550 750710 884574 996507 346654 898614 3257 498886 271442 583629 561105 337894 179037 559861 665618 122680 727380 100182 724478 489553 184849 509188 344407 338492 870840 550360 113528 523606 775332 57817 447153 478745 98028 894615 564782 799370 738915 44231 307787 48449 484486 55062 652048 263184 775382 406368 483929 168684 571784 394816 126195 319938 637056 871887 929540 754856 921657 470751 322071 923132 146856 941848 912781 241432 924806 952109 620516 423600 924137 983786 806469 258143 19859 75822 58288 287881 171637 640382 395678 264928 895946 543458 419532 658975 357367 19722 274630 435003 833606 672809 202942 411109 830128 6603 246386 552236 867478 121877 73642 487957 811568 16721 743095 134415 786704 725591 251806 834019 666796 493803 790622 842491 64202 164964 473398 122627 507557 153488 828057 578247 403660 884102 122344 317358 454788 163252 697715 779282 763008 987342 847280 568851 98885 477686 886393 82425 101015 154714 965998 784716 339238 158359 366904 981146 903823 774876 926629 688585 944847 494383 212846 5766 922475 484428 974785 637395 852068 277020 330219 703966 895581 822490 915848 488779 235166 476758 550818 584015 586384 89516 664334 611531 568186 516656 526215 584955 719134 394604 605517 290516 337674 848321 737273 367639 205552 705261 760121 315839 24384 742005 978421 344716 791539 383429 582271 393547 865030 332362 53763 328323 689493 554865 726213 161320 821770 825213 782232 663444 947319 793745 694361 449545 284179 455223 911175 509596 161981 523766 417021 148186 110975 44200 273271 892270 533630 220750 629211 490352 874601 864692 246766 778270 495224 519639 623915 202406 593062 841450 674964 801812 875791 917667 218545 600931 844703 458334 571576 20866 878294 427892 532424 375325 846318 403142 166841 46913 804953 509741 917190 120698 728874 418268 193525 971961 642253 53657 465568 813168 248078 779029 583287 23592 907135 873766 41759 963719 495944 48906 363112 451334 8195 920720 501033 304904 626459 719258 803402 499029 303787 958366 840778 124853 612728 518266 517804 533232 707421 330493 937243 404025 748255 118839 115054 466815 504809 983928 924895 370230 950932 124179 759334 493462 496482 481566 467139 67024 128071 859294 312845 64320 261274 92845 292381 866184 357602 105372 372489 990772 535464 732521 489316 695974 811199 822581 36170 89928 8160 466091 376212 261593 387783 853129 974189 483445 575969 610892 7975 189893 343265 942245 32807 41564 699397 255124 904510 176621 293568 691481 682552 680088 985195 656655 232108 647618 646165 877708 41914 580208 379085 954205 862069 887637 584658 735259 802069 109949 997324 438926 363498 465388 190988 816190 78622 195154 924345 764 784540 29960 112570 13286 836880 86072 658156 143621 836137 970896 872029 169274 307378 375643 239867 47291 996479 102987 286666 298517 223965 460636 576718 104769 222268 506343 35703 571782 746259 247378 631700 845241 274887 159274 662937 654189 122296 805474 881630 819076 607174 729463 113451 409056 149173 203403 789208 826501 703355 199610 828089 450253 510541 15833 362957 661379 363643 414657 202324 413785 575594 691439 187728 889017 586258 374073 762787 267149 172577 174727 809981 618317 410589 741742 878679 11721 498522 226057 61591 260036 444100 251506 107768 44174 568357 434813 500285 574666 824856 220420 24062 639046 890283 106379 388929 133523 992260 819453 761098 319122 318722 829884 739814 156307 529310 777998 203771 413300 812837 364452 702908 360327 636359 417080 82366 328037 532388 716149 323183 496268 66333 795204 540601
146
77692 106883 571424 948356 670014 70076 255915 80770 371708 145657 64992 506419 152756 237669 632082 485203 683283 868159 507462 288230 945555 396988 214081 755628 215433 1930 49513 814163 808231 733097 294105 602489 631897 162528 970223 258429 527492 836246 806029 428166 104757 584965 967151 505299 267825 224274 589568 834609 142973 916502 409067 21333 540211 414392 226096 590195 3522 932324 828285 196028 593941 300369 31841 51737 475935 11248 890959 807000 651162 816085 128950 549505 781997 774036 290180 806640 831848 879549 229688 388762 509342 967162 492314 513989 846142 989337 672903 897119 709634 784751 834723 132180 862540 428463 676220 926717 667362 845824 172526 988495 770124 555159 333219 106629 482119 829162 833616 14072 283416 148069 45473 457100 574467 920882 263571 627350 425364 840755 333581 13981 74539 475144 480742 350459 538316 971032 285904 791096 271999 858353 760335 556288 446807 192704 734393 391002 170842 437791 279272 846147 802765 669884 56129 732463 211890 370911
70
254802 140739 222234 485600 591611 711010 644062 44741 418433 417114 481572 17533 120592 396655 915883 692441 782160 562222 320668 520249 144513 420165 547039 425472 944738 702124 797123 204418 425778 798715 132803 321375 354587 880396 810316 887081 535553 396996 857615 204519 888079 952807 845115 57660 187073 313837 873743 957869 366882 421095 351553 219316 184084 99792 869135 68476 956159 179219 461889 659410 662855 85993 277748 977068 386846 369630 450401 193604 997523 499258
525
364779 472367 688003 408449 1877 193003 978655 546187 141112 261273 673670 414132 784075 406122 324393 245182 504404 712248 323992 540074 234581 496240 127954 459613 915873 239316 235828 478110 850474 536016 277465 278615 997833 108191 371765 855457 407216 100037 180083 131302 593546 204072 226642 261902 179290 32561 580086 887070 759206 65832 121023 669927 230036 93459 569092 985795 786364 672164 541183 794546 353685 633225 94205 991289 877075 357714 758652 248519 740509 303756 973134 566547 22479 150633 718274 67857 989910 967727 418005 117835 646413 519235 538573 147619 82454 103524 28914 188631 485721 856686 513013 793114 627351 831656 867051 604603 22364 772860 121687 560164 811 611247 641173 584185 791739 993247 104148 267310 928187 375566 620237 410576 304038 852962 645666 326407 850156 185057 712068 24152 912635 833178 447011 488798 195990 129319 645666 992119 661636 352895 597220 702756 119838 271892 423834 157313 430998 104830 462994 238781 370318 596662 714376 441018 926288 968758 138579 212068 103202 791072 675125 109282 952787 239453 379521 399085 53610 664225 903455 720609 783631 245854 739814 315461 47272 949075 410075 186112 71872 76636 737527 15167 653961 648081 169637 398812 259740 827573 359363 890253 354113 266355 214087 376679 130032 555528 384170 578167 870170 131944 706806 518551 962886 156174 397699 822207 724323 974712 369951 408176 773112 375756 42744 601136 771328 258355 733895 208705 33578 424999 645968 666424 90997 17977 105628 624749 300102 282099 946265 287713 248502 282689 871542 574904 77450 712472 629554 871228 884528 205221 435824 199399 400660 967238 194625 304926 733080 922429 713651 212418 534776 397435 233978 990352 829955 709451 916477 102250 73314 579383 695921 261978 96505 325637 208991 520321 372689 471885 132433 456480 481914 956521 629773 171424 864156 183234 65388 403913 12952 640555 826055 684915 852861 244315 975977 216642 247268 541712 385435 597306 152350 327166 602387 173455 242626 866773 336453 9016 601732 713297 618684 16389 962032 577807 755337 863707 406996 681444 975858 489082 872664 75488 880655 349675 771197 477676 189832 714289 906136 290157 579429 373255 186180 565713 413157 990413 983625 338761 274022 474294 941918 462749 691406 964066 485176 671657 443666 90814 963653 20985 686833 635389 83305 31855 61320 990740 685391 912972 647716 990341 252089 437794 146908 728023 964573 571936 634798 995764 116328 215592 724317 490511 663471 3206 777797 585410 91577 745096 413056 566798 962430 256279 575184 689000 290362 155631 111547 910880 68487 988946 857908 41335 346053 889078 289231 386789 292828 204262 517331 936814 536294 795734 747186 784718 830825 267163 689870 238806 117010 190712 394447 990626 325435 584805 369357 882501 677863 646534 332736 555228 959701 955977 84381 769649 795789 662929 817116 977053 995316 31177 342979 141633 637361 526128 722253 522946 101409 613119 384381 744616 512719 130196 513158 145311 267491 684251 384539 517379 479102 460756 262992 70274 162518 686176 137035 961097 376325 973488 741308 170044 440760 592056 111935 945820 165563 55830 353620 514976 850448 898049 601119 714339 18781 976579 844057 860266 376020 203250 834416 117948 307714 515399 694414 941890 205582 227180 138277 365754 519865 135927 668098 641714 251349 957780 220253 378900 856136 935913 809682 21649 434220 380449 638206 957577 939685 730235 425690 118309 464602 867913 925061 542188 743546 285425 314459 299328 573430 260166 126711 972900 505089 417488 15601 478334 715828 770632 669542 777040 230722 4680 592145 811301 948083 341354 513974 250808 307547 990437 672131 430440 167019 22167 821390 237261 947447
830
47429 881863 124612 288188 57414 416959 126293 425801 947101 351271 320799 400962 115079 404949 54082 975581 754493 425530 356504 956636 477517 725568 352449 539921 220024 259020 578760 116559 589382 419892 864933 306666 423832 582399 777497 120706 735667 367996 518794 74923 682056 100257 21387 468259 683460 806952 579425 973809 793648 742497 842020 85963 570358 630171 842394 231556 312605 230011 90386 777255 820261 710289 504867 303106 825775 793019 205676 408461 14048 85639 803005 446989 727878 424054 402678 681567 107298 956968 446186 483179 949769 630684 833344 903405 973516 698779 810224 267542 978623 915118 262855 635554 385193 444663 483364 483532 739020 162115 513544 735100 993450 346580 990667 28041 820341 220762 777513 392857 616172 469958 51580 386242 956001 94000 191159 576905 450079 401824 959345 137517 296056 46045 592364 980906 217843 954538 171958 373130 235007 433004 711365 97303 650277 265069 307649 774937 589745 287224 148230 151953 781473 327171 842267 856625 482161 842171 482492 398859 165377 828477 796280 273412 488550 37420 449785 580669 272019 355933 373095 103125 472361 812597 377206 348485 294288 694658 718048 148209 514151 728571 785158 202731 103824 417477 125036 942553 23255 692562 21614 36763 867792 32275 750002 663519 426886 693345 833009 663936 509740 222926 18365 474369 512200 265284 244955 648630 998556 753104 85424 473628 222890 163974 954668 977250 43345 301391 102630 803852 712326 813495 673949 947347 608227 891453 707012 87573 661277 623232 977221 923886 751451 31630 369374 926012 997647 995181 579818 570716 458743 650244 101788 190845 294643 923752 279090 348423 644568 200105 732761 83917 192757 159688 761554 690218 821816 218706 610295 258754 209219 41565 467150 664591 489408 579190 540154 790543 25272 856537 694909 504491 110927 376956 311326 95391 811585 260789 147001 634233 755759 969663 684927 885209 419529 517441 335442 988807 760235 619924 791854 680901 71043 225331 708356 156773 861965 687368 825698 322410 465 930914 928254 66403 59680 634157 906750 387189 96759 348393 504213 633377 66199 607088 313192 940246 173173 689277 25280 44002 569059 32789 515157 474406 733799 142459 599343 998345 746805 969933 93925 635195 834403 124883 7879 512180 100105 685336 818023 51362 641585 243298 310273 656807 25336 625787 430966 455069 856913 417891 424903 619455 378780 175774 893760 20261 286144 463763 573997 370010 843606 130495 809554 489942 869242 290149 622514 236119 830362 150039 140808 508456 817523 786364 55871 455406 164857 424992 82970 924340 173025 141967 114560 40471 928187 316040 472666 46040 707992 51393 931296 749313 488449 7712 562005 877630 186302 790044 258537 689941 824362 858758 298754 754005 908867 438079 478868 665513 787866 974178 165035 142564 327342 453260 836777 333023 414737 974191 727124 808191 471307 209324 771193 412010 8884 528655 603854 478619 982050 104381 401148 951256 555396 462290 91180 753439 361740 241062 232253 334966 296884 749277 398325 817980 650530 88128 100572 465851 28622 90813 902131 424336 504896 265661 779826 807441 13253 335848 53018 852298 919588 622018 984433 214247 324624 913569 76191 537074 348737 739541 938429 55862 564372 589316 306236 115070 215379 135476 554976 496254 116810 716234 373362 689162 355763 296283 322979 528860 97571 627787 719790 161125 439498 321703 741894 233371 285024 629945 610461 130435 631665 169385 905611 744828 836417 697695 494896 563807 976835 224710 217937 244698 766866 86237 95482 267507 746195 210731 699612 916984 506050 704698 485451 41885 787982 254443 752665 549182 223320 673542 460052 780119 691500 703585 260308 650465 750529 574846 14143 698665 965193 680856 455777 972 345175 221438 370506 211249 746901 166510 351407 155422 676755 962141 959539 593731 264146 133093 976364 300429 962305 498940 85536 490955 456722 243335 252676 400834 75451 191197 968818 844663 970065 472217 943914 337391 98078 626884 499027 497454 580427 384808 737969 337898 888294 918665 808268 497646 181991 981060 408143 227853 357267 143043 564443 240537 514326 939345 925060 709470 303787 84625 169000 137918 781298 901335 139930 572998 371503 683378 571082 136726 519960 588560 949464 630074 984123 678613 13705 559210 270454 318356 431916 872401 61083 39436 117497 175370 45566 426411 140837 370822 500757 934127 895073 8934 349961 294299 695772 271231 945284 356376 280688 197826 595848 968245 981841 287650 318998 981918 151754 984370 520053 401024 298736 192557 852147 123608 883519 63650 202478 164146 219637 306471 498539 348510 387703 949245 795202 550507 540306 632235 91823 635298 234745 537412 48359 500797 946308 536833 513728 3441 415216 677546 172285 740110 839013 744827 968921 469242 34981 199553 712371 973455 685916 682173 852636 806843 764505 721808 105586 338997 302854 413501 641170 124764 248907 812376 743495 75519 228186 606758 863902 416172 616841 461726 370909 662241 576621 567266 824840 656241 195977 829539 684274 429703 168085 383449 931815 583106 2512 441066 151003 155408 426585 934097 845416 804228 736947 374189 819844 566161 865635 201095 713525 171885 118191 105202 82260 561976 648936 928906 933678 279233 531407 151133 48900 65646 36413 197618 250638 708302 453147 226633 840184 163899 975736 702666 503243 368070 311088 112605 985253 821630 129421 158457 872764 852396 373907 8700 97553 559803 556505 354374 896945 592317 411205 368517 784109 849262 798079 965016 526731 550186 493180 838421 501774 578669 172156 868053 235133 217069 905026 544830 604971 798079 340595 540155 778146 484281 881196 503628 66122 835449 98155 295812 516865 212911 48983 820793 40315 510053 616923 495571 228991 202175 817575 136506 222421 684950 367867 61864 689928 40581 505357 830845 676920 11922 593251 319627 312292 637279
864
923281 854822 585444 601444 858639 836617 274784 850083 794281 375198 71675 707536 844269 594935 682096 931616 351019 720053 122036 860254 149704 819209 161665 464330 594311 744754 414791 1544 114655 171766 625429 766964 826448 782238 112871 616434 1494 139117 521238 319440 318360 175296 162793 189766 374447 440847 864565 138747 931382 436838 77540 460028 90493 931618 858247 565278 181912 258858 576420 435112 655186 539407 239901 489642 266543 685832 550868 892946 433556 138855 849945 348017 187228 509283 237368 324938 588636 841180 122066 734121 837323 584163 812337 669544 177303 598280 512864 207925 312993 499894 329137 215730 102789 851251 73163 953016 102422 967507 522238 296619 225487 286818 223146 560798 157414 185843 352051 503052 631524 623323 832486 524747 358487 179040 157086 713007 249478 48350 759386 989422 39821 576775 89232 555144 256061 771972 46970 271129 763209 295292 805945 159198 514004 309751 410175 387965 424073 51531 686099 943743 782387 419636 242030 353470 457115 272776 761827 690593 290105 978192 304192 702312 513480 698935 253305 294144 323536 988149 895681 715756 302645 895367 347426 974139 256658 519509 746319 612208 523049 928643 350883 870817 526721 919142 69724 596914 394733 335652 683123 854161 524677 809021 509436 73846 412280 940084 47584 728584 878936 546725 742938 565595 831963 73546 683304 765729 850707 136918 633434 193592 434929 646324 988381 405340 481892 997093 843633 667621 434227 846465 204855 590415 244387 126460 275759 808403 452475 380374 596047 890609 498688 810136 213576 821133 521282 297447 124868 384675 625134 283265 737961 860637 679178 558785 427521 166417 443550 168965 65103 517057 174199 965351 758243 206527 143260 364385 271237 527797 971220 484355 672144 640584 125754 414130 993086 677996 937779 448950 857077 845525 480634 798709 417017 259722 352219 48603 103801 246431 379833 613110 489029 254290 603867 255061 164199 696015 938217 622054 696982 352160 6331 293993 970574 937112 108315 82098 680123 187962 296479 231330 151695 40802 484827 8663 74494 264224 723797 589157 826616 23147 565184 173238 153239 307156 120262 565645 653660 777266 103674 258227 371983 604155 95214 567770 811685 382702 500990 245363 415278 31903 893795 495921 517802 73291 724454 164378 33695 745614 64064 779898 272690 933431 830043 843020 284271 346996 305652 67049 249361 663674 888605 879352 770729 575454 12355 373600 394387 554353 814507 186443 923904 565521 842936 709588 93886 189988 161573 86231 45249 460009 807696 715388 505487 551972 297544 700696 329945 22078 745098 639156 276249 192696 780726 930310 244554 656569 194156 715607 609063 72400 626538 427376 304022 527970 887430 935695 151012 771646 860083 829570 929320 997951 64719 235080 517432 781934 518892 909713 973225 70143 139424 816681 346679 110703 971946 810279 859980 477964 941005 552846 294081 224276 736286 618456 344041 461127 828244 301245 691225 765906 92972 997185 566613 276088 566016 419116 480489 141196 894853 45850 544032 987859 836418 576227 990419 456661 520625 658247 272740 986663 478769 47211 813839 39275 982576 122028 624458 788846 220402 564544 439820 104925 357500 63828 889794 284435 116715 245707 768547 601893 177355 741464 475765 468961 897577 293698 435605 277718 561045 795410 626795 16847 839949 984400 265256 689 992609 27435 213861 445042 261117 638757 635465 389197 328953 863418 14140 449634 685194 283701 707641 52811 450846 665140 724571 334688 739112 761532 837831 698800 305547 805064 456471 694395 924981 112522 666444 491474 130914 644152 36793 415083 875842 436223 394199 810029 927077 79949 837836 745904 47085 698196 271145 496577 902544 657668 525116 101342 633947 589753 592329 826304 480134 136600 626230 908600 247076 876622 145456 796456 219732 149158 146038 637627 465974 855425 71516 138089 351927 156994 320510 67975 360884 208839 175684 962765 382449 925643 473430 824604 402228 477157 619885 350033 287675 8875 71997 678281 834752 870525 883786 544152 653182 234443 434821 699375 851873 664736 965816 882497 115857 909611 975621 328765 892020 746975 633399 828613 940157 617271 626993 922402 282662 360873 251119 996403 143847 377028 65903 12066 955858 543222 414922 247330 683104 411984 925205 102676 755424 716691 315177 773458 170807 845567 784994 826936 482861 286303 688111 741877 688456 576673 677935 165936 314270 737004 779156 488403 367707 801514 545361 134495 648145 331845 32850 107869 316377 527503 892591 725013 165639 944539 107811 758555 744097 183465 993587 778338 563168 331433 720117 196372 863059 225058 225912 903662 111092 378733 662231 190880 929834 878726 785949 187268 190654 704118 915672 775590 848762 544632 293935 265190 275771 4570 380303 94968 130725 585884 874848 373325 662798 253050 347377 158568 113841 641663 467074 776287 228070 874560 794682 237365 715552 407447 604152 314593 909438 630948 926957 70 837169 899477 567806 994957 95659 319258 154774 228812 151102 154021 229721 77945 994888 717721 883351 588246 56256 844998 216504 676159 101952 743019 347101 782778 209320 423335 579649 118657 854699 916723 605818 890634 293698 450434 210000 782567 185727 192401 627649 962122 479577 819433 722347 307127 691876 230148 273530 760095 860441 60362 267649 46297 844097 540522 319616 908138 725587 211731 370125 538925 882315 589453 412254 237809 145881 256972 583453 600350 992454 989161 112106 460653 752423 251526 671665 155432 883748 29466 140857 37826 660520 858932 986738 610266 64903 84070 459979 775798 622128 720276 91046 155037 789118 296808 674411 334455 606142 382765 482452 914849 672452 726186 513809 282047 632155 516380 403528 619392 228638 36845 588206 904312 199452 104989 727177 434334 392410 51981 222170 450754 451809 815706 906364 415453 210376 41404 927098 153869 996778 933918 950602 550482 344073 753311 281025 807858 217469 546766 4059 93576 488441 985597 410069 308261 481682 477287 621722 526325 738721 460362 165275 259478 343240 849530 724139 43762 66533 792709 207462 613905 759404 351288 282020 597314
443
283065 4253 477847 303538 803704 332400 955 969437 397457 343721 519935 117066 181727 863874 334275 872229 37439 628415 37243 961349 647505 102654 496278 254697 527928 973858 228185 807484 535051 98064 620845 726225 656115 777646 119547 448755 886812 340582 492909 505359 550821 218213 450095 426584 544807 520389 564843 102732 986293 549368 624857 298950 468285 911333 123722 524409 877326 231719 328709 183148 103325 952821 730090 951899 805434 939627 790287 54254 481681 427636 396118 812586 448232 115664 220195 933862 622287 440866 693450 478049 253548 949359 509531 427841 309869 277877 951575 942613 127512 609364 887528 215641 176634 938710 570794 387849 21379 307271 665483 675344 135780 669292 687957 744448 82550 447008 518912 434877 358512 188295 174554 366769 114685 618233 702131 818991 952507 770413 796529 667922 862462 434881 504871 906173 669050 382275 563498 781822 993354 890051 979944 779274 913655 779715 511737 536188 38014 957085 125116 552948 39482 423865 156832 688555 252740 960500 235447 683503 664552 666765 845367 988227 537972 417100 286746 225197 839992 85318 756438 570679 372576 330315 3917 689814 779362 863392 687551 709723 90523 849186 370966 865361 135066 42486 708134 652229 469996 972147 453393 758950 421604 44754 590494 227501 609851 99145 87001 766704 853408 802858 575555 674211 394094 830135 3915 613646 452446 249279 869187 6949 15219 787646 485611 517239 805019 646804 799735 873222 807052 41251 383491 667482 704717 559460 950095 56722 995719 408940 811741 689024 70856 189993 957866 690281 29287 267617 419533 405297 70036 632954 230306 612337 355580 422067 810051 903285 735784 904975 710504 999967 27513 586017 388963 588896 968159 573909 37391 556560 242616 647752 606893 776153 364114 975128 553920 505580 865973 810853 149227 948117 744463 644383 185681 657509 343500 707111 807096 893075 163214 431066 576534 296556 556419 792162 303965 474490 635182 873725 446084 677269 757319 953678 992068 778459 988179 125165 138259 512444 698257 287155 694584 791602 220945 877200 821830 967824 845288 485838 195724 691952 719823 828374 706376 323672 452053 880663 994271 975293 679984 615258 529223 216120 475767 441141 848191 494815 782854 715239 923761 379769 857373 49452 923793 133689 97384 647300 489013 299231 731169 618314 219247 497180 397275 550257 927149 820531 624497 167913 683680 932215 53025 867915 786323 230715 805061 18003 919941 973644 251858 991624 194166 197739 273860 819298 178495 361774 482628 321511 943508 494760 380481 35753 668239 937785 270344 834046 913707 471298 728666 157925 828477 443845 206608 146831 791603 270957 528247 669726 787705 791414 547309 47144 442736 542144 674342 512473 746112 686103 790776 339706 752941 402388 543488 725019 976092 359714 698285 960235 738176 887259 884136 501957 946526 972367 105165 816870 55022 542189 318800 947615 905390 497724 523639 324108 605380 216571 371081 822976 153590 730078 225936 234444 902328 743612 112437 927324 901422 779920 488827 658144 747529 274034 663487 180016 438997 684925 452522 535955 829735 959701 117617 29407 500173
373
868690 887041 363828 158987 686516 120914 402376 416308 508917 92055 848184 157814 321137 918786 27826 713954 701647 395312 27785 206640 43066 81817 209380 232028 794962 282461 754180 518659 996159 39359 486233 275052 98054 97681 781424 781978 396785 678898 39715 874088 432008 279712 72159 292016 78419 97921 189207 315219 440228 346488 918128 284663 541533 898661 742023 370482 605255 700305 261091 95980 375 43079 577039 263057 787012 353014 635436 368510 666370 157797 946140 305867 576005 219382 254082 562038 826889 262102 789743 332288 474900 664263 868786 453631 656119 463547 818257 687107 638219 655774 251551 633436 779323 68625 50598 818159 318359 314270 237972 409219 713448 659550 848300 289670 877855 22249 254217 755247 640239 860091 171285 642178 216905 111196 873938 951714 641310 457155 909412 743616 591165 172927 642817 316913 763105 546175 745229 991 905784 659667 443556 509239 803224 757368 414832 61595 6949 805889 885130 635107 303255 59234 611685 693143 68916 596972 746604 279639 823870 397426 42927 50019 313248 467614 356881 721418 544808 12155 841351 434988 472950 128193 388109 18041 639038 496709 816720 284785 368013 303921 949504 448344 297161 712977 800201 623737 757813 841115 59730 948757 111332 512681 633824 692641 628647 792917 725505 806050 993675 134777 399679 90389 125917 329780 240274 56033 793879 493130 932980 16032 35113 908027 975716 188591 860652 457261 450828 846243 180884 243536 434724 827311 468470 52101 906763 997673 515176 551292 425103 890567 323701 419101 536863 782512 435810 859931 97925 785000 658770 560620 857865 654101 560091 248327 854365 104537 382402 215213 193574 32275 500802 556410 360942 801300 467019 938373 99079 555489 188584 132427 611900 124817 721195 342860 893444 827545 795436 379846 338685 820404 616578 704516 720675 405676 865464 370975 867527 313759 319718 465334 429001 876014 894375 174784 321911 601796 991613 181085 979210 456283 99260 715722 348214 528890 318357 573551 285275 929390 267317 390298 266111 437712 713462 942185 104880 455335 815787 582515 304182 957285 654989 364118 542474 544653 360786 996317 753830 838676 867986 436991 314595 930172 491000 634069 144516 243151 221427 876779 469198 92007 640833 411854 184822 300806 102855 621088 116125 552306 572517 733049 512234 710393 840877 686183 13400 499793 781143 412380 927572 665299 546292 254910 128250 244562 876475 110708 514146 559260 124057 600417 62004 738732 841016 202377 879651 934617 793577 526741 735007 68917 139390 224964 589003 996494 530107 215783 50313 606538 638428 651951 210521 85784 106166
987
839129 534403 852463 991551 164622 212391 718982 290218 546432 203793 405921 759880 837634 8928 517885 772675 530410 158953 510023 49194 411274 937946 912569 407774 147936 146512 445114 858000 255430 286567 175998 817396 285865 520274 910577 43515 550823 423609 525379 200700 827995 615624 675993 497043 830440 697079 513693 19182 851075 379674 672661 892147 684241 610983 378775 65876 454771 53039 834734 646594 897334 532767 568446 987282 575489 781174 564885 287469 896535 289335 27438 815443 534452 40377 823904 482480 40925 223613 764504 912108 777277 494000 886973 233011 326368 200520 679343 866796 425461 40751 676113 502435 971844 990008 195503 841478 275861 669062 178186 259400 618706 158066 421434 780362 424551 45687 528055 880016 427453 355247 916430 520541 104694 431234 72739 500731 115544 635452 41135 945504 349411 287215 396942 278242 467180 931753 365121 193814 40306 522580 700561 313514 475425 84965 16595 402968 389037 575766 529165 62310 875315 13874 112844 653868 599676 118898 933811 206161 333063 967610 715818 340325 830120 566455 868293 652808 475584 440972 227290 236710 87244 366733 376543 92613 437789 635545 459830 174280 371759 688901 811598 210261 427249 9527 821861 359248 506479 194644 148211 822971 943279 720421 448398 340452 281230 929634 61260 892053 418721 683969 436328 679871 768428 917387 193857 61124 894785 104291 609396 714094 548922 241682 771970 618166 172589 5246 595491 60024 701195 396973 808730 197631 618652 962938 83345 367278 308612 128715 408916 478517 890218 85797 749898 372564 92350 478544 105812 654786 485657 360615 258217 84125 18805 841451 379467 431479 282224 739275 292123 938873 739978 845575 929600 1995 949216 462711 512925 256079 820304 76328 815993 199967 665236 760320 971274 540278 620283 48447 555141 481478 740203 183415 982248 852747 363517 963905 2325 804364 162663 537733 19082 309455 63185 173604 917742 690958 127337 791596 992493 460101 674450 483446 406949 859340 654538 783184 348691 688840 175973 576622 39493 736886 457842 319675 657619 412812 771076 375801 113143 520837 771035 365022 541987 752259 186373 642382 451153 189325 98125 287183 201929 26463 555414 220772 118205 389188 372080 434782 355273 605403 688179 174251 63939 894380 323984 757944 240676 337341 487726 753436 93849 630312 349805 560202 87241 901230 375464 157831 365787 574058 545866 594766 306000 562720 910462 623773 730425 451093 348546 580229 850968 118269 334462 737384 968734 596548 952166 90884 397504 391540 563242 491494 742613 351643 833822 353288 842245 399541 365412 102733 542212 37046 621971 765985 664477 844329 121221 415969 424125 88755 493135 181684 38235 538613 157017 435176 431143 298294 179458 293372 586419 479133 676636 458901 175070 532063 661782 958348 645674 194321 709427 543767 977717 978432 791442 182774 625150 668554 133341 393940 16508 507955 77638 773967 272582 461460 227498 692449 756286 292766 605006 138255 940054 378835 656544 160678 492663 269378 752260 292594 274369 587928 130447 949470 377134 895269 377364 58949 250017 81446 584053 328188 820312 50665 508108 300904 495865 179223 211352 573304 280457 436266 254045 298743 231987 448684 104775 590525 957307 908508 334482 149195 846159 666238 984372 599627 29767 869462 435111 384400 863977 125884 215203 818814 275972 133727 954720 675868 718961 790656 867849 233509 258345 821727 551990 251806 4969 39140 819540 102983 41125 201649 129462 52147 393157 975125 315753 823193 218918 91836 456191 462706 662868 486630 167031 723936 8215 303905 944188 767484 264600 335828 740455 971398 729570 344881 915560 254632 228279 809343 808840 835700 129565 242434 301761 215294 706599 91645 975245 719121 858884 397967 284911 284380 400717 573468 486811 80421 429262 111966 256490 734327 152223 281795 415836 522603 667902 833498 427849 684519 750403 937097 615556 879511 754977 25486 163522 782434 127974 662715 498914 69999 202387 931907 819053 321819 766249 171390 540603 411778 940689 532854 996216 11446 185299 264268 915450 291357 29348 872297 529853 672536 140519 204610 313399 70339 697357 815517 46501 958621 319143 685524 997652 806980 327855 587170 56810 60202 264239 683853 809335 167895 23132 857900 334407 274016 468121 275225 263452 971985 88959 35496 586129 493491 740741 603822 13784 264287 762299 435588 112535 527281 641956 145756 231001 862760 326229 108802 59577 86454 11409 386375 939624 455906 212887 764175 293586 427873 212946 541306 359956 521044 577740 884232 620718 256379 976314 692603 710795 422078 526327 157661 197619 295944 2333 717740 835753 61852 151458 766152 248309 165349 156661 667673 780506 349629 222601 214045 868737 556270 382070 402612 493506 3329 41392 380055 192600 839798 457983 568807 468453 506262 852532 786376 437694 603733 657930 162547 941281 737249 701125 380321 101744 848822 230870 658440 708187 41065 446330 976577 299719 868480 633456 414059 901411 100092 953188 909724 298701 188452 520401 260330 79986 782763 476637 559326 942199 853313 264479 935917 806739 426802 24749 511552 817471 245116 414417 781050 654194 759493 711374 585037 172199 227484 35216 392382 938105 137106 637663 201543 261932 762118 611750 172591 379134 304304 89941 529142 316142 216516 719795 35705 934577 297383 35217 834154 480824 541900 362863 606216 86682 692302 775016 650334 752206 360017 746886 93371 617082 237246 750118 22633 353721 770493 831166 989428 198420 221373 320042 856052 642035 625844 225698 980298 200519 59319 860965 753678 940775 373159 668199 634447 523402 638801 618905 737289 118337 931155 443200 886213 948554 654973 238074 365733 35177 830036 781894 88611 668707 337390 106937 508004 552451 227086 21891 991809 970418 32582 184550 504985 616099 692078 472038 983936 323975 113550 134305 819660 292824 79708 831665 514245 396899 417550 519616 881161 616354 718296 446007 490050 430349 389782 466789 186678 327343 583901 83797 511024 826672 448023 383898 940611 549703 934500 653913 310676 251100 553378 831919 843264 525888 658698 998755 705594 112393 753838 546337 504529 332872 958661 94832 637507 359312 30162 11212 259410 641102 540392 789474 861565 731621 757203 194545 86555 442213 898238 325863 345145 675017 934382 299840 528694 477121 631856 541848 594269 715968 996680 459049 336263 640496 723801 154703 682339 475523 348986 131772 822082 428453 812538 337943 967609 836295 8762 845377 790880 928075 802172 835047 837891 843342 859139 635583 68463 765416 811966 858129 281870 947055 949694 732086 58461 513318 125764 715297 770171 613254 489787 899285 383097 711582 353663 553782 76403 115886 650700 1721 672414 435623 960614 475198 355497 785942 408973 931024 946565 288986 109080 100235 723295 403134 468074 65280 689083 56358 626372 128343 117393 488430 98822 78226 47687 143395 381080 341145 511758 609425 267097 118805 207136 279263 684387 248720 48731 633153 682597 625489
24
155 7231 9464 4733 1424 4402 1378 6558 8323 8847 6010 8497 6639 5840 548 7538 2994 5916 2534 5661 5305 3943 4475 221
70
4262 6220 6655 3220 714 104 8039 5988 3911 2851 152 3100 1050 7830 4796 9787 7314 3553 7479 2443 1000 8110 568 7113 3221 3027 596 1022 7798 4793 8683 4938 5200 4546 1584 2571 402 410 4529 9635 5160 7287 1589 3227 4541 6944 3188 5536 5234 6623 3026 6177 2260 2916 9513 2225 5070 362 621 1691 2146 748 9068 3231 1446 3705 5755 4603 6993 8272
69
234 8990 6065 1212 5491 508 5857 8972 6646 2357 3143 1895 6094 1283 5173 6846 1500 4957 800 6156 2917 1538 2975 8142 3685 8532 2188 7067 1055 6438 8322 2328 7723 466 1393 7119 795 5751 5352 6362 7856 5685 7269 1367 1289 3679 3086 1533 9173 2905 249 5307 8702 8090 4349 928 2886 3909 45 1715 576 4582 2385 4040 7169 4697 9123 4032 9541
70
9128 4203 8101 3823 8915 5026 423 4271 2698 705 6183 6829 1533 296 7283 3476 7673 2733 9695 9458 6947 3406 9555 9298 6534 7026 3171 8008 5273 46 8472 6396 5204 4686 8979 4283 3636 6354 7907 3549 5805 8133 4597 4237 1761 3422 5716 539 2016 1946 4394 9939 1844 3804 6142 5617 8832 1902 8462 9427 895 6703 8015 7887 6796 821 5510 7417 2382 5472
14
3949 5981 5931 7896 2779 6091 1670 2061 6868 5073 4936 9893 6895 9311
59
2000 7304 2542 3304 6800 607 6343 3961 1933 7516 1026 3391 1989 2983 5616 866 3116 3535 7114 5115 1060 9210 4964 5903 9126 9398 1960 3873 4087 2485 253 3401 2571 8468 9894 291 3782 2693 1389 1023 2598 423 6466 9983 2143 7906 779 3602 5448 9296 5958 2139 1942 6733 6350 7216 3744 7400 12928
81
1297 3925 9304 7217 9231 7233 9458 5923 1173 7427 3273 1107 1419 2007 4570 9845 5694 8850 2997 4792 4504 9427 8123 3151 5736 2520 8533 9376 5587 9948 412 7345 4988 3250 7714 3518 6257 8120 2006 4062 651 4313 5030 3344 8127 4241 7325 146 9279 7307 4693 5321 5242 5750 3484 2545 8148 9444 337 2617 338 8611 4453 9038 6200 3627 6645 394 8051 1432 8034 9106 3234 3259 1055 4651 2416 6976 5045 386 6900
43
3938 492 509 899 3111 7003 8711 4167 3015 1529 1135 2977 483 7423 3702 5689 337 3498 1267 7861 1255 7180 1843 9240 1974 3892 9926 2459 2266 8938 3718 685 8454 8647 9040 1735 3306 8812 1665 4625 5926 2401 7698
19
2989 8860 7915 8194 1647 4320 790 3476 4077 7987 4164 5843 5642 7745 2884 7329 7741 5360 3327
3
65 5715 1359
46
9970 8324 7000 8116 2715 1428 7703 4037 9842 3446 6833 4489 689 9456 3094 1393 2028 6882 641 5776 5840 7526 8155 77 6920 1600 8062 3932 8051 1534 9452 7181 6496 9249 2629 2975 9113 1476 1996 701 2690 7800 8744 7289 7873 2745
50
676 3274 5465 6906 8240 533 3208 4404 2485 9604 1971 2496 6856 4063 1739 148 4465 6367 9803 1612 8232 403 8969 218 8227 9248 4423 3344 7692 4179 2734 9046 2598 8689 6356 4588 9922 6435 7755 162 7912 180 7558 2895 8459 7028 6860 5504 434 5956
71
7365 8333 547 5407 2906 328 9568 2786 4160 8955 7562 3097 1797 832 8579 6913 1764 8409 1532 9010 9896 8318 4217 181 9025 4172 5393 2639 60 8693 895 478 6271 3151 2514 1006 5378 4741 5960 8177 7460 5315 4781 4837 9765 6132 4023 6383 2617 7018 1248 4027 9970 906 4856 3816 531 6832 1934 2026 8226 7994 3781 1803 994 3655 565 7798 4725 2379 8554
79
5352 2500 7641 6496 4707 6041 1135 2572 9592 4836 1679 966 2681 3276 4902 1509 9251 9255 9094 2122 7587 9674 8813 202 6341 5351 8477 856 9163 3038 8703 5729 5367 6108 1150 1984 617 4887 5061 8635 9345 8081 4945 6508 1854 5100 6550 8065 6764 2095 5690 9778 6852 9974 2650 7552 2189 6204 8802 7784 6170 7734 3574 8283 2188 2156 2967 1647 8730 6812 1265 6201 4573 550 2731 4778 2136 4509 201
3
378 951 2883
53
5239 444 5369 5393 2017 65 9359 6971 6431 182 355 3301 4545 7211 6672 2406 5646 8747 8068 7698 4505 3907 6850 3686 7334 1944 7883 7285 8020 7049 4558 1909 3534 8993 8888 2876 3743 6819 8535 3730 797 114 5239 3345 2162 4077 6639 9508 1737 5839 1074 4220 81
33
2007 7950 5783 8977 7413 240 3199 1391 2076 4108 9599 8764 1476 7510 7064 2824 9496 2853 4214 5838 7145 1959 561 900 1057 9647 4621 9195 8640 251 2931 8302 43
15
1038 9998 3339 4674 8723 8173 4906 4364 168 7092 6715 325 5599 4744 1671
70
1474 8242 8319 2087 4081 2696 615 4809 3569 8427 9646 2371 1291 6084 5841 7451 395 7187 6374 3491 5308 3996 8297 8974 7655 291 5540 3157 3005 6558 2045 6442 937 2190 6527 4396 3613 4500 9413 5397 8028 9013 8869 5752 5531 373 9931 2929 1524 1544 6973 2656 2680 7697 9449 9256 501 6608 5676 4277 5503 9259 4055 5105 6822 79 4976 7604 2487 11590
33
4415 2901 5608 1339 8856 3275 7683 1519 6863 590 4180 6896 2648 4070 3162 1759 4812 1879 3539 8506 9232 5988 7651 5547 4843 5350 414 7493 4474 3226 2969 8495 3542
23
6608 8075 2426 7229 3532 3855 3145 5362 2699 2765 8514 1660 1078 1981 9312 5942 6786 9957 3803 6983 8612 6219 3797
67
6918 4660 7796 2937 3516 4362 6299 7005 2556 589 8077 9764 6399 3841 9713 9344 2577 3015 6396 4807 781 7374 3880 1781 7443 13 1991 8083 9674 9949 1156 1359 8489 9706 8758 6804 9221 7929 1445 3071 5111 3735 4072 781 3995 1689 6 9336 7591 5496 6094 838 5773 227 1019 7981 4367 5219 3918 8910 4450 1814 3693 6450 621 6681 11999
100
9621 1652 9305 9328 7297 878 6433 8078 4557 4595 8064 6414 8680 7608 1883 1230 2340 5623 188 3760 1144 7569 7145 7893 9865 4894 6679 5101 2228 5013 8666 4537 1498 5660 1756 8444 6380 695 7854 7346 183 433 850 8037 2480 1317 4125 8549 9941 3700 4235 7869 6425 4384 5587 7512 3708 4395 2685 4606 8019 1322 2674 3905 1053 7299 6477 977 343 3332 9793 3591 8541 8751 9340 7264 3003 3856 7418 7781 1198 7777 2476 1875 4806 7047 1793 5310 3147 7514 7516 7585 1033 2768 5468 1903 3367 3200 7013 10329
56
5168 1420 2030 1058 4156 6331 110 6624 9581 9711 4614 4047 8114 7370 6552 3976 3799 1185 7505 3595 1376 284 7536 5812 8478 4919 6464 8597 1782 9207 4193 2986 6407 9330 6355 6762 8800 9621 7189 3906 8040 490 6979 7680 6402 9832 8118 7762 1514 9407 6146 6102 528 393 4704 6305
28
126 9692 4324 3363 5267 4624 5688 3582 23 3072 5351 7219 1416 9258 8645 9710 9110 8846 770 9158 7666 9459 2933 8823 413 1597 7143 10738
69
2149 5407 9843 5660 4946 4321 9582 7258 1658 9116 6793 5176 343 9387 5205 608 4667 3635 2621 2456 1171 3927 1398 8748 7855 2896 9546 5146 1225 6763 1719 7236 9023 7081 5824 2157 3067 4897 5696 9496 1978 1450 7059 8565 5432 6019 2221 7744 4236 2142 2536 1241 9498 9853 7762 9709 9417 8866 1729 7719 8804 4229 8493 1544 9844 9278 4807 3070 2151
59
7787 1085 7312 7353 9209 6484 7712 7001 47 3176 3411 9902 5221 3867 8614 2058 9895 5232 664 4533 2496 297 9026 6633 2510 9519 2 2116 7640 5487 4589 3447 6267 5538 1338 1486 2087 3955 5748 6740 7736 9194 6137 4531 7430 3408 7958 5195 6835 2138 4584 9354 5369 2339 5900 9215 6660 7890 16207
83
888 2763 6532 826 2462 6321 2479 2658 5778 9651 8178 693 4777 1544 7157 6679 7797 2940 5671 1825 505 5228 137 8186 6919 8278 199 5068 1794 793 4919 9886 2617 2123 5922 3583 4917 8204 9065 6689 6209 7998 2809 1901 1501 7869 9265 7162 5149 947 6495 1553 186 1971 9972 6930 9373 1286 9245 3071 4337 4587 4458 8394 8321 5212 9595 7712 6178 2126 179 9050 6322 7885 4551 6910 6298 4836 6171 1788 5929 1503 10931
27
7663 8560 4370 7719 1379 2977 236 8120 4161 1754 5213 8787 4004 9815 3722 5310 6623 1987 188 4614 541 3169 1119 7518 818 3946 9965
19
5650 2676 8663 272 2156 6500 1923 1115 8895 264 3591 7599 7436 9180 9506 9465 4627 5397 9827
11
537 51 9517 1770 9272 5022 1349 1928 5644 6396 6774
64
5116 2662 1933 3794 6988 7514 3560 9289 4932 8275 9584 1648 7279 6101 5444 2630 4990 6330 2832 4363 852 7345 526 3080 5384 3385 2243 1389 3316 5434 981 5838 2597 9891 5914 9739 9220 6483 276 3559 862 6822 5476 4168 6764 6298 2678 7100 6862 6836 2651 4407 4575 8741 5235 4153 4480 1799 3883 1421 7715 545 4508 15465
73
6654 9147 4088 7973 5801 161 3468 7120 5897 6764 974 4906 4858 1274 2372 7030 894 4652 2372 6299 6723 3034 1536 4507 2243 2881 7208 2457 1428 4267 7840 4941 6273 4987 4066 2377 8981 1249 2990 3201 4680 1067 7788 7115 9033 8413 8790 9428 5844 1025 9071 6050 1548 8981 3679 5070 6120 1918 7239 7384 309 8674 3770 9313 6545 4064 2391 9060 2415 4738 1259 531 9611
23
3519 2248 5307 1768 3886 2474 1106 1263 6886 310 205 8656 1024 7538 2111 5511 6338 1086 5756 6613 8006 2279 11246
39
6637 6841 580 7588 9084 5600 9239 4282 4901 4289 1044 316 8180 5427 4331 8621 3796 5471 2199 2121 2260 4224 402 4261 1996 7862 2905 8772 4292 4637 7082 7770 3945 6318 2076 5791 6374 4759 1413
33
5553 8237 7435 7069 63 123 7638 2308 8627 4777 5331 616 3036 3559 5208 7861 7320 6007 6146 8761 9526 7450 3755 5673 1433 4131 1091 6401 5014 2292 7600 2129 6634
96
6561 6915 2248 5023 5110 6850 2613 4962 2833 6786 2237 6833 920 7874 8929 6417 3103 275 4317 9289 1001 4506 9208 4576 581 587 9306 5408 6153 5630 7266 8713 3885 9122 6773 7595 130 219 2789 1795 6266 6937 377 7670 6841 433 685 1351 8375 8242 2284 9078 5482 5128 5489 1498 8267 3338 4876 3540 4115 4015 9986 3500 4376 8383 1160 5569 755 6101 4716 7273 6392 6918 3927 9268 9865 7126 5044 9248 5992 8650 5867 7660 5398 5814 9665 6409 5393 4799 9096 2880 130 7353 7306 6788
19
1995 6526 8520 8876 3197 2813 9518 5197 3639 6272 189 5033 5221 8403 1873 3621 6894 407 2474
72
1210 3734 5297 4249 4378 4397 1065 3036 6247 4232 4948 2132 8834 6311 2723 6120 5478 2156 8285 5081 8024 4680 7139 3243 6061 7532 3154 3328 3064 8209 6439 3191 9420 1594 5909 441 7127 7179 7638 9793 50 6000 99 7149 8165 6361 950 8266 2072 3199 1857 5945 3280 8261 5158 2336 2623 8194 6496 7946 6340 6454 9103 1786 4479 8211 5177 1937 3215 3724 9239 407
16
184 8261 5501 1484 7448 377 6660 1097 5017 3126 2986 7795 1107 4935 8049 9862
13
1258 1381 9444 2036 9933 8030 9905 1453 6493 4201 681 4403 8894
75
1759 4945 7476 2193 859 2668 8309 1234 5382 171 2184 3523 2718 1340 8879 3652 5537 686 3399 507 6057 6023 3991 5636 7134 1 4726 7484 9904 312 5797 583 5916 670 6152 4689 6786 2390 9876 3752 302 9589 5910 7222 7546 7312 1834 8485 2933 7680 8043 9666 8507 1264 8101 1886 1831 3353 1621 9254 640 1776 7561 931 8405 2055 8114 4861 2318 3424 6961 8604 8253 9242 10442
73
2121 401 7192 3732 4251 8818 2782 6736 5254 2450 1856 9384 6805 8024 4957 1692 6419 2916 8416 3101 2767 1235 632 6668 8938 3389 1152 624 2650 3084 4657 2482 6448 8683 5946 2215 5831 4329 8113 8731 8371 7176 6096 1186 9889 1802 8909 7017 6048 2799 2368 2613 9555 2636 1922 8029 5838 1215 8370 546 8623 633 7983 2706 3054 5638 8936 9793 1964 2963 8193 773 14813
2
6045 3145
74
3151 72 1846 9944 3270 8879 4243 1068 4300 6930 4923 4657 821 8741 9147 9794 2345 9195 2615 4233 779 9206 4516 9823 5183 8187 8858 3312 3613 7685 403 3657 2670 5265 3320 2704 9314 4216 2999 7084 8121 8344 2313 6714 4586 1388 9655 4246 2408 6447 3324 77 6307 2606 9870 8144 553 8825 5029 9098 4823 1839 9662 7806 5380 6536 7448 1231 8481 2600 7286 707 6023 11061
29
3256 4096 8964 6747 8467 5483 430 7908 9983 9511 1769 9920 5253 3930 3358 6539 7830 377 8027 6117 7407 4778 7810 9389 8926 2916 9824 8648 2567
36
5820 770 7141 5130 7436 1907 4838 8432 9218 9925 9256 2287 8321 9278 2213 7612 8506 4598 6920 230 542 2907 850 5415 7807 2204 7513 3720 4936 1094 2618 2681 6993 9876 7306 2748
68
9170 2019 3234 4533 3840 5952 7374 6964 7027 4421 8537 7458 3264 1144 4889 6712 6027 6430 9779 9252 2297 9979 712 7742 8420 3663 2101 1570 3038 8176 7468 2360 3638 8968 3257 3197 7009 4286 8683 1702 9857 1983 4602 5087 2673 6860 7093 9378 7436 2583 5870 3560 2554 6645 7998 6084 4264 4226 7978 1374 6445 6673 4961 3775 5376 7608 1779 6445
34
5873 3894 7769 8627 4203 5036 2667 2706 702 6803 9494 878 9134 1764 3841 6088 2602 5096 4857 7656 8050 7981 9153 2134 4339 3255 4556 9214 7527 2688 2547 2487 3720 91
95
5215 8185 195 3223 2936 9209 8746 9324 4612 9091 7375 2715 4822 4333 4231 5575 590 7404 55 2022 1889 8568 6520 2980 952 8971 6739 5233 2124 7121 2130 7160 1609 3577 535 527 4861 7796 6773 6589 5712 7654 6147 5089 2531 9248 2042 4298 5667 1042 6773 7313 2526 7157 6016 2930 1407 2442 8668 4491 5879 5079 4161 4590 7444 9210 6484 2078 3930 7491 576 1873 1269 4186 3318 624 8611 8975 4744 6506 5076 8631 5078 6141 8142 456 3153 8451 7692 9909 4008 2466 7251 2686 6842
7
4386 4317 1255 9712 5505 8390 5551
8
6327 3946 5257 3062 612 435 5665 7508
61
3781 4366 5036 3411 709 2383 2588 6373 6296 2228 9729 1691 6604 1240 5290 8000 8209 9741 6933 3643 4851 8125 6595 7686 6387 1695 5231 4566 2644 2045 6555 7039 875 8439 4103 7564 7835 9369 244 1273 8183 2745 2051 7001 8642 6236 8817 3455 2190 8613 5356 7436 2456 5032 6801 3586 830 1340 1697 9435 14754
39
6671 6630 3321 5996 1025 7712 1781 5641 3386 1736 5610 589 374 5862 3607 5385 3577 151 731 7294 361 4249 9655 2738 6641 2252 4733 6696 3529 3534 2620 4995 778 4127 8110 4792 5734 1064 9177
68
6788 3435 9649 9585 2906 6575 8772 9157 7413 5218 6117 7940 705 5219 8859 1052 4534 8578 2523 1945 7712 8417 1647 2386 3906 5461 363 4320 7397 9135 7767 8132 3754 9678 6105 8539 114 5665 6873 2295 4925 9268 8330 699 7178 3583 1065 7552 2469 1059 2871 2429 1978 1611 8116 6894 6733 7205 2262 1168 6806 1672 1436 7176 9211 5820 8386 1290
6
766 6418 4613 2824 8065 2719
68
2785 3461 4340 3790 4607 2693 4485 2301 6688 1124 2634 1558 6264 388 9680 4788 8678 4347 3977 3764 3357 7648 4860 9957 3165 6761 6427 7026 5065 8461 4828 650 5642 7051 2038 6068 3608 6819 2961 4378 5531 8075 5451 245 430 9449 2220 2418 8317 7306 4092 2796 8368 6333 9361 9685 2121 7558 5185 8207 5133 8740 8422 9819 5109 5654 6463 8308
25
3429 9114 9007 1117 3771 9106 6112 4083 9280 9180 9201 7163 8601 7755 9165 6520 3381 9473 5987 1733 9155 3961 5359 1088 961
65
1678 9595 6377 8597 4036 7196 224 9710 5981 4095 2838 2542 6037 6537 7244 3244 4021 6723 6931 6388 6509 282 9672 2211 135 5619 4346 4729 8765 3029 7929 6448 1270 1976 3059 1994 2206 6782 8658 4115 5171 8246 5368 3126 7480 1607 2012 206 3943 1681 4229 4894 3750 106 18 6873 2221 4991 5026 7229 984 5591 8061 6675 14228
59
3400 6717 9090 8243 3019 997 7133 5243 6029 4808 5432 1906 2908 6652 7169 2858 9646 2743 6576 3086 6703 1940 716 1051 8167 9697 5446 5937 1701 1201 8466 3286 5525 3492 2529 8751 9555 2135 3523 289 5105 4910 721 5517 241 7787 6144 6449 2847 8159 4212 9888 8099 5718 9935 5394 7367 7571 5323
66
2170 6008 2640 1557 4710 4648 5561 362 436 1458 3694 8667 300 4669 2190 6401 3184 5663 6413 5067 5987 7809 6475 3028 6968 1773 2275 8501 6649 9085 4803 1546 8992 2279 8502 685 6228 1182 3114 1980 6174 8192 7865 9644 1097 5748 9352 9954 3079 4659 3004 749 539 120 8162 6349 4878 240 1742 8058 7946 2326 6117 9322 1762 2083
13
1128 5127 9201 92 4261 6786 4202 7288 3611 7203 8248 9320 1262
65
4257 6180 9780 2160 3746 4373 2029 5421 9175 7269 7700 1463 1789 3236 4074 4089 3622 3733 5089 9643 1035 3367 5203 2521 5920 1896 3155 4383 7321 6303 3336 8463 4066 4047 3384 407 3613 2262 1376 5980 4333 2613 9325 6931 2366 3641 3572 9134 8146 1644 5577 3443 4744 3320 3885 3383 9276 3994 7892 3399 3168 988 9897 3637 5186
22
138 402 684 4718 4128 3210 1025 2995 1127 3908 5145 8533 5373 1363 8414 1578 6803 5102 9722 7398 7774 9672
78
9684 5429 9071 5028 8348 17 7667 2556 2770 8444 1622 3730 6331 2868 2418 2926 8224 4013 5081 301 1050 1444 4885 9768 2169 7194 3912 601 8927 5369 7812 2614 8584 2682 3009 3926 3679 1031 6325 1364 6405 6777 7552 2197 9614 8575 3073 2676 904 6596 186 684 564 9445 7734 4136 8692 3884 5102 832 9067 5894 3518 293 2989 4803 2997 939 5101 7063 6305 3058 7352 5738 2618 916 211 9759
45
4638 3274 3422 803 1941 238 6253 8877 9055 5724 7182 7882 2471 8170 4803 2850 2707 3741 9948 2945 3481 203 8438 4494 1801 2949 2540 1818 2901 5171 237 744 6791 6449 7443 8943 1247 6773 5057 4327 5875 2526 1341 5335 12312
93
6547 1115 9375 6831 9856 666 9950 3192 3877 8818 4480 8514 6033 364 7444 37 8800 1700 8698 9154 7720 8836 2346 5607 9127 9084 7334 7697 6317 9409 3661 8796 2609 4634 8266 9960 9755 5414 2095 6940 7635 7757 7572 7640 2123 4160 3057 2824 8454 3746 9593 7889 4295 7509 1996 893 392 6882 4021 3795 1376 65 647 4545 4683 7837 5152 9072 9590 8394 9801 1501 6445 7926 5628 2764 9470 1989 7031 8503 7542 6241 9567 1074 6803 249 9294 8728 9453 9316 5904 1630 2774
61
7072 6149 3015 2251 5430 7307 2410 9253 516 2036 9061 5874 702 9708 7957 8539 6849 1248 5796 3218 593 9779 5420 7721 3878 565 8933 1666 6636 5479 7583 4645 237 7272 2756 8960 9402 6689 9026 4804 7848 9313 1139 3400 6103 4716 7266 323 4232 4633 4219 9058 6482 3664 5219 5189 1002 424 1416 7633 8598
36
8010 5048 8615 6714 190 2062 6156 4285 9215 6981 7134 7035 809 1672 8217 3919 589 7851 1358 5350 1612 7901 6035 2895 1266 7391 3919 4084 3133 8025 7226 7605 3164 7053 6433 10248
89
2744 3334 4750 9601 158 5371 3695 184 778 6402 6745 6608 2217 8007 8881 9612 4514 7379 6738 9920 7880 4428 9241 641 9818 2155 7254 7795 1863 3229 1422 3574 4445 3142 7875 2038 5802 9248 4394 3344 9589 1645 8775 2142 2256 3519 328 4280 8918 2088 310 5890 840 8646 4012 581 2846 6640 9700 1271 7716 9656 5279 9220 2943 7868 2271 3158 7096 4328 5261 8326 2038 249 5654 2242 500 7065 9264 474 3797 2435 898 3188 5996 2423 920 958 5791
16
4429 5168 9748 783 7997 5679 4738 1219 6083 3850 3731 3451 1481 4771 9135 4305
36
7526 7151 1798 5022 1829 8527 8728 8863 9055 1196 8742 3108 8150 8498 7549 2213 3566 7708 6448 5865 3223 4958 9642 7906 816 6769 9066 8908 429 5252 3342 4272 8145 8770 9070 8214
100
982 3642 5947 61 4203 9320 9920 5898 423 1733 2156 9561 2125 1289 7372 3877 5555 2736 2632 3253 3895 4682 3284 6772 8083 6343 6578 8405 6421 895 1631 867 8203 9156 3623 4898 4771 249 6281 205 1085 3328 2754 1306 4145 6412 1726 330 4186 355 3376 1791 9408 8996 256 7787 5338 5770 9386 2883 4640 2374 7117 999 404 9619 3632 962 3546 7135 6372 1073 9685 2712 7102 8794 3997 7665 7544 2350 3280 6883 4141 754 8890 2947 2312 6757 1931 4375 3415 6810 1948 4113 1971 3662 9915 7483 7074 6886
62
6262 9619 2399 2382 7783 4587 5580 8384 5819 2372 6678 8584 2006 5437 5741 9611 1733 6071 4941 8919 3433 7695 3782 8691 9564 4957 6401 3237 6308 9668 3720 6295 7903 1664 9351 9840 3203 7590 7337 4492 2295 1123 9096 5656 5724 4400 2822 3241 8271 4198 6576 4819 78 5454 9861 1964 6932 2411 8841 3220 5679 3128
34
6515 6613 9181 7499 3920 783 7479 8996 4661 4879 7232 7903 2175 3474 1582 1031 9742 2223 3069 9031 2729 9628 4006 1200 4683 1668 8924 4932 9017 1975 2439 545 6218 14352
39
5189 1457 6728 7367 4620 3150 47 6297 704 7038 5094 5585 1524 3852 7038 3727 2358 2794 568 5110 2573 4791 3981 7177 6270 8203 3449 321 9908 2639 863 5761 9026 9053 8269 2293 2283 2894 9046
59
539 1262 4127 403 3091 8745 3182 2381 4758 7827 7465 9066 8497 1806 2629 3546 7107 1773 119 3779 3536 4198 864 5576 1435 1214 2102 5964 4380 2508 2142 1194 1278 3136 7433 3329 7739 7245 6663 1849 7502 5579 6700 3204 5079 272 1444 1957 512 6172 9958 1474 9575 796 3087 3607 5923 2917 13681
42
4276 5993 5128 1982 4731 4933 1785 3120 2128 14 7001 57 3436 4301 4817 6734 9089 8642 274 5456 5260 6364 5380 6162 4256 5873 6304 5891 4857 1457 2850 7662 3464 2501 3145 7790 4840 5150 7071 9869 9144 2203
84
9583 4918 4126 2711 2788 1180 9412 8110 2726 7658 6067 495 36 255 2899 9011 5646 1574 4988 2275 821 4481 8526 6742 7426 8323 1203 9940 5353 3489 5008 3369 6260 3219 85 1493 5159 760 4000 3799 3463 6832 510 3491 9032 4501 7871 8351 1742 8049 9373 6093 7519 3727 4243 4660 660 5560 2076 6362 1005 9737 8269 3283 4410 5036 7598 3380 9873 2316 5185 9935 1375 2220 4418 3468 7222 5584 2581 8347 4409 1212 2900 4460
56
6932 8828 363 3612 3717 7516 2795 4012 941 8461 2360 147 1584 8046 9761 120 9206 1258 7090 1039 8457 6525 2 1577 3112 7678 2801 4427 487 3746 7951 4820 8948 1643 7092 5572 1687 8549 646 7789 1835 7375 5516 3129 6081 7928 4233 8106 1768 7515 4056 5017 3793 8475 5280 9849
93
6847 3493 5488 669 3419 5681 7625 9859 7689 3338 2258 7285 8717 737 61 5229 3700 7523 832 9477 6880 7468 6182 3279 3635 2807 9180 4586 1272 7286 5730 324 3317 4044 7309 6923 8881 1376 6988 5240 141 6099 4721 4713 2905 238 8798 4800 465 3539 6461 5407 8663 5746 9028 6814 7218 4641 405 6197 9152 8221 4847 8875 4118 6011 2453 844 2835 2945 5209 8421 1560 9511 235 4961 8900 2426 9411 5824 7458 317 8804 1337 5966 7570 2934 2510 2986 3351 4999 5633 1581
5
5390 2469 8382 4012 13241
66
4731 3026 6256 4064 7434 1983 3797 912 227 8885 9721 9171 7865 2691 8476 9763 6757 1701 5820 6181 7330 1297 8601 1130 3869 8003 37 9152 8154 1629 2759 7910 5168 2740 779 2561 5944 4774 1161 5201 9232 3314 6660 3926 3462 3221 3494 9200 6208 7033 9953 5781 8741 9948 2866 4825 687 7362 52 9797 158 4472 1562 5630 4942 10630
42
5483 1668 5364 2754 7865 7453 7684 3256 103 7362 4509 1467 2388 7974 8356 800 725 3259 907 1263 8255 7955 3546 4011 5690 7363 2820 9811 1125 7766 974 8698 9695 8823 2693 5005 9217 1454 4198 4088 517 10462
66
5020 7006 7654 5205 9665 825 2814 1575 3161 4624 828 1308 603 2398 457 9699 6154 1358 8008 9427 4395 4873 785 8681 5617 8674 379 5753 4064 1099 9286 8725 3240 7751 9657 9025 1944 9920 1715 1435 7066 1430 2381 9726 2721 8624 6723 852 3321 5838 2943 7897 8077 6714 2710 8542 4328 6807 9017 9145 445 2148 8067 8526 8385 16096
27
2458 1957 6389 9143 4516 7949 2376 6601 3948 2343 8573 7471 8539 6558 2362 9346 6441 321 3783 5079 8965 9935 4636 385 2366 9141 15765
