100
5
1 2 3 4 5
3
3 5 6
2
5 6
2
5 5
15
312592 461768 607426 997456 342002 52231 928735 866316 717822 901738 56234 42057 704489 184312 812042
15
652443 50401 11157 58683 960489 676599 672575 934890 799143 770789 499242 995089 55196 224155 760811
11
665605 811777 536895 51127 117545 331038 862725 858707 183979 2579 560981
13
61416 464911 499580 737161 11763 930648 319342 842827 868899 819680 1000 759185 981288
7
387557 879567 703614 338538 818006 626829 736575
10
274061 194244 660425 432857 488756 943240 367518 470982 220512 853651
10
361750 134742 499760 818036 803965 83542 355431 812539 771823 236892
8
173953 124585 490796 153047 894502 522763 651180 383570
8
727061 366785 811314 740172 634927 934979 870309 924285
8
750792 537705 196590 852234 344565 375232 406640 684544
4
2562 6740 3975 8145
3
9354 2011 9041
12
8482 8697 545 838 6854 6374 783 1701 1215 7106 1014 6845
4
9101 206 4171 13064
12
2963 5920 3190 8506 9785 628 1707 2028 2429 3728 558 1597
8
4018 2518 7239 5240 3038 1425 7498 2712
11
9740 7180 4562 1049 9652 6392 3087 3845 7627 3681 551
3
5345 5218 131
5
4065 7019 5434 7865 7945
13
329 2028 7214 7369 9044 3101 5092 9447 3261 5476 5571 9191 2825
10
8821 9405 2059 285 6805 496 4483 5214 3641 8031
9
3094 9377 4104 256 9432 7703 465 7135 6526
15
8109 5376 2330 514 8051 6379 3278 4510 3668 1369 7337 2661 4443 136 5999
6
6113 6973 1119 9757 7458 13244
7
6535 9467 7791 5262 8646 3890 6159
4
6737 7254 9332 8819
13
4376 9160 4721 4562 6316 3406 8074 1701 2518 973 3066 6850 9885
14
4972 2370 4371 7637 2754 5517 4183 8847 3116 4767 8729 53 9221 9189
13
515 9414 3364 404 2680 5946 7146 5021 5731 3609 8939 1339 234
7
3017 8877 1073 2459 9833 8984 8639
5
4671 8920 4112 4452 1351
5
6377 7792 4200 3001 7496
5
4972 5696 8618 2346 11692
14
6883 1853 4177 3990 2719 6361 6933 3046 1389 170 1987 8656 5019 12515
6
9728 552 1350 1898 2570 11278
11
190 9891 2926 2048 7135 8293 8739 7868 2413 8521 2674
15
1160 9577 3447 3443 5989 1474 2103 3935 2138 8509 8427 7048 6521 5375 11176
9
2056 3788 5425 3242 879 9000 1685 1383 2926
3
6556 8629 14377
8
2869 5413 5924 7358 2720 8418 4490 7302
6
5824 5014 1044 3023 3472 1821
11
727 5174 1597 2668 4863 9397 5213 4167 2340 3057 6179
3
5715 2047 100
13
3791 5472 5428 8359 8625 7835 1870 2391 6749 7142 5459 620 5677
7
2246 9799 9101 418 3851 859 254
8
1204 9044 4246 5327 6159 2464 926 12680
10
3967 7271 9372 4512 9199 8549 7236 1687 4779 11478
9
7313 8522 3560 9774 653 2340 1874 119 9104
15
1596 7477 3649 9534 8852 3841 466 3452 9852 5479 9902 657 4341 1163 4631
6
8324 2458 1736 3903 8534 447
14
4652 2507 2233 8453 9001 8114 7068 8147 2549 5503 6594 6866 760 6125
14
2937 7354 4325 501 8077 4257 8271 6973 2733 7456 4680 9176 5487 9901
8
3004 8302 907 395 3630 9982 3632 3890
5
2325 7037 288 2952 6336
10
5722 7354 1059 2286 7948 676 2089 1896 6180 4426
3
7731 3913 4474
4
4298 6384 833 2939
15
5713 603 5858 9000 9833 8872 8042 2039 7963 2469 1495 5608 1126 4193 2748
5
2914 3949 1453 8715 9129
12
2291 2675 6957 1695 7472 250 2816 1923 1054 6748 2896 7017
14
9072 8218 2234 1963 1348 5737 7030 3678 6053 3748 6700 5223 6983 7075
14
9980 1490 57 2772 9935 1946 8340 2998 5045 2083 3008 3529 7151 4336
13
900 4333 3732 1646 7398 7488 6594 886 630 1950 1001 3360 2976
15
9637 8118 7351 4902 9118 940 6660 9703 3144 5086 9041 8527 8486 7404 1629
13
6882 1899 2858 2960 8912 4284 300 2827 2987 9682 5062 3934 6041
14
6934 5974 5587 8427 735 1758 4254 8659 9490 1578 8671 1865 8017 5835
6
4416 6354 5634 2093 5070 1139
3
3580 2938 1670
7
980 7978 8105 886 3475 8960 11954
5
156 3139 4132 1317 6622
8
4370 9008 2676 6165 4837 6906 7525 13625
15
4611 931 5979 4114 5284 2560 8172 1299 2032 9354 7811 5220 2615 9850 5297
9
2495 8040 1083 1518 4480 2060 9278 2258 3660
11
9219 9849 8051 6779 7198 1268 9710 8516 8375 7436 7736
10
1110 8598 3423 753 1858 2494 251 3009 1438 3567
13
8418 1732 8924 4791 6012 242 7550 9299 4382 6707 2231 6589 2886
11
9270 6169 4904 4528 4425 1181 4209 3486 1747 9053 2340
12
2186 1845 4535 803 2635 6715 1588 8778 4053 148 5132 12904
9
3434 8452 9019 5365 7035 9573 2088 3856 8838
13
252 3623 2114 872 2242 3822 3144 7331 2225 2431 5805 6872 9810
4
1466 3942 5289 7797
3
2020 3293 2873
15
9456 7668 520 669 7105 4993 7091 1144 1986 2727 2546 2714 8182 7170 6173
11
8052 8946 3761 9629 3287 4991 404 1888 7230 9937 13593
9
7438 1424 5754 2336 3461 761 6673 4635 8102
11
7041 7964 7001 79 2003 3570 9362 4903 9508 6122 1017
15
6489 908 8290 7219 7380 3321 4218 9686 4081 1422 5632 4575 9497 7808 13628
5
2801 5017 4515 1049 3282
8
4974 7264 6055 8466 2854 7842 5380 1256
7
5121 6600 3776 558 91 7957 7785
7
3503 7762 8868 26 9028 5677 1066
7
5009 8727 7836 5315 5875 4727 16221
11
8432 7887 2769 1009 6212 5723 9185 1645 8607 2510 13533
11
9166 4551 2147 1792 9398 4146 9072 4849 8493 735 7069
8
1210 9026 5644 5646 7578 1564 4152 11332
6
2969 7318 3545 7562 1263 2567
