2000
2588 18 48
5056805633 89 65
2 25 44
8200 53 94
141 37 28
153313235318379 42 47
57 1 44
94673063850859 7 42
51951352 70 93
28018 27 75
119 48 46
10 90 31
41620907475 33 88
94 7 78
36 13 22
552543919505 26 74
9575058 67 55
285 66 7
113 97 4
135 77 74
838896417296 76 83
3694578 13 39
62 27 74
28615 32 23
46283765478616 15 26
26450514128 3 30
19 86 72
17 67 62
9392450 9 51
72 33 83
75 31 24
1787615094114 73 64
47377740345937 6 44
44 99 62
1 50 21
142 5 85
75 64 6
27282822300 31 66
53078757508923 97 79
10 24 44
138 12 95
15251795023725 82 19
52270 53 68
87431239 43 1
108 20 28
127 42 5
886558813371 20 94
74697872971 89 77
139 65 54
1402 25 59
56 88 10
78 39 96
86 28 91
54 29 88
117 60 51
36 87 61
10 100 100
43601 5 14
17 84 2
144 86 53
127 20 99
96 39 98
849608558886418 32 65
449409681972169 30 100
559916182474151 50 0
1395 27 30
664530 75 61
102 16 3
583244535 58 72
28 4 45
258066 6 24
31 3 90
65 81 81
149 44 21
56 67 1
6066718289884 12 91
57 51 17
85 43 77
74377 31 19
114 13 90
5 45 71
649791580121451 46 33
131 45 73
1000000000000000 4 100
28 60 29
539743 38 92
2 6 28
14882847136613 51 39
136 39 28
425899045 8 30
249504 99 96
35 88 44
93450 4 2
7879441058 58 26
418477286 17 95
45 62 83
447724655346405 82 35
194135745537059 89 100
138 76 59
68 47 59
1729840669 55 7
141874160 11 41
76334656 80 79
781852 58 27
71 13 17
328056531 7 27
757 95 81
88644 72 27
696919410311 43 88
71 90 15
1121 54 43
101 69 10
301 18 88
489210 76 32
33 55 83
140 45 81
140 81 60
160 14 79
8 36 90
145 22 84
79 55 41
491572583 46 39
146 9 67
28892817191061 44 100
135 95 13
3 42 62
108 85 27
9 47 73
15 14 41
88 66 21
6 69 30
775309618 42 81
139 47 88
72 67 80
8 80 99
230253007 65 44
71520163348 41 55
7 18 95
22 8 36
5552 2 30
67 5 13
12 69 59
53430726773397 70 66
90544374004582 43 34
85 36 63
52 52 26
112 66 51
124 93 32
94 11 35
78 14 19
485437 8 64
2673068731 56 3
52 49 21
148 47 39
35 28 9
91 35 33
18713 28 48
7089298 90 47
67 58 17
124 2 11
1 39 44
630123780192421 23 84
6 47 83
146 17 1
86 14 63
52 69 17
40 48 88
55 64 29
8231355 31 52
40 26 3
54 48 88
15 16 30
86709070124777 0 100
209007915301036 58 56
17 76 75
89 6 61
109 40 10
331647633599693 25 0
358794710 68 77
71 21 25
43 99 38
51 89 98
32 71 84
8870727744494 19 81
25 19 47
141 48 41
42281314 64 46
47 34 16
354874300103019 77 77
112 9 95
740035560 34 97
26 54 9
414864269459 17 48
213477 51 90
9181 77 59
143 64 43
148 47 22
8 16 31
58918700632 28 48
4710575672 43 91
109 61 48
38132740625435 89 37
128 60 8
146 32 62
28 35 26
83 74 67
42 91 50
63 72 99
4408416677 56 5
167520505467577 13 0
34 89 19
2805224469 38 86
93778718577156 75 48
403 24 23
1 28 78
135 66 94
5 1 62
41 80 57
15 92 27
86 88 36
98699 36 60
149 80 79
4388852400 46 91
109 95 66
1948735003 46 37
90 89 1
144 73 47
56 87 83
113830459792781 1 12
645 37 27
272675191896286 7 0
30 15 76
8921 86 13
6236624153854 68 82
134 55 72
43 92 20
345 27 23
787 69 87
33894929428 22 81
979680224861 67 37
37 32 52
8 9 72
17114013192440 13 27
90231739834214 1 33
858084494684836 65 33
63 55 22
694713342681432 82 100
11 34 14
973628451648 56 82
44 90 80
88224294157 2 94
114 56 12
67905000342 27 20
91401463927 21 84
9071854407 39 9
34 38 52
2509708 26 41
31 69 80
7385108850626 46 78
55 15 44
8833083 88 64
8600532713 26 16
8904 54 7
139 68 98
161226 25 93
56 28 96
127 59 68
47922664582 62 82
92 2 62
4 12 93
17 82 30
641 50 4
1 83 0
3152432353203 89 88
68 20 81
271534345677 17 61
69 53 95
90072077913117 73 63
31413922663 65 82
99 21 60
81 23 8
8 69 39
658320 92 49
101 75 43
348465011 52 12
102 47 3
14 5 11
567146 75 36
71806 3 12
103 71 43
112 89 88
769440678602823 61 95
77 76 50
18696894284732 32 33
569299337917698 71 89
6555516641964 50 90
6 64 79
351181 38 17
19 65 11
138 79 87
99 19 62
9535629672 13 18
27 67 96
24065 28 92
636777238827 26 42
1 50 69
757492176539865 24 71
55 34 5
98 96 40
40 70 88
76 14 51
338506992610832 29 100
150 61 23
137 34 62
132 53 29
33225611 65 35
74450288 93 62
14448251 14 68
75 64 13
102 79 63
2911355174148 79 54
490843910085273 75 100
687987285 9 5
38 92 50
769520371 76 41
19 21 58
26 5 79
3462 59 59
516616308001444 90 82
880256 63 9
6379628015 16 57
7518655104 71 67
8 33 89
1242498652738 14 59
30 10 73
30 77 31
3 59 65
8733758 80 40
147 17 78
60401623195996 28 13
8371350 9 51
775285739676693 12 49
9872652131809 21 28
81 91 99
22847844638 30 11
65 14 5
184374990 89 2
141 90 69
39 69 3
108 98 7
35 78 55
734055538 78 91
17 70 50
115 64 3
88630331 81 99
9 51 92
93 53 78
128 11 26
44 59 80
518492170 77 23
640028767869142 18 79
14535 6 26
53135351955749 85 73
108642269 34 32
177091 83 65
17 12 29
1 75 100
662263277365 65 71
150 24 44
81 64 96
126 87 15
671436113957759 15 39
75 30 77
79 64 82
29 95 57
917680856 42 8
118 2 47
131 87 35
293 80 37
50910 77 10
90951685872 77 10
505564 7 26
95046561 3 13
6 25 78
60 91 56
55 63 79
44 57 93
10 56 48
7755 85 71
396 2 47
53 34 16
93 85 22
3 94 69
501 53 43
719489598 8 26
140 84 95
61477226 27 43
98 62 46
55 31 17
715 21 11
3445291650 27 38
143 79 82
9208247998798 3 63
88 88 82
6 20 79
715 60 39
38802 79 65
95277 63 85
10 41 68
98 43 38
23758171669075 68 18
622293 74 98
75 33 55
122 92 56
26 72 41
904121 66 51
119 37 47
52481600 19 16
91080401221144 73 15
1 63 54
819608028 51 28
117 86 33
118 18 32
917 29 18
998249743 14 8
8350 32 3
104 4 89
56 41 48
123688150249 16 52
27 50 66
67285235216267 63 67
46345309 39 99
139 64 33
87 63 51
83 23 14
33 5 37
20997605458 62 14
5807781470 42 26
4848207 66 88
186 36 48
61046 85 24
71 55 55
64663586239 64 1
98 97 95
67810270937708 36 0
3564259119 21 26
11 44 88
52 93 20
27666738 16 52
7 28 70
1 72 46
1283010 89 10
79651323972921 75 87
67 30 66
57 40 92
423062588528471 68 20
13019803271133 63 89
70 55 36
4 96 5
9593386407996 52 40
95 91 76
29 49 27
95 4 98
52 22 99
133 12 74
4639 40 22
41 72 73
27 50 24
149 33 98
131 47 21
111 68 25
9232 17 39
40 67 2
29 23 19
441198 23 81
3403898643560 52 66
102 36 57
7 97 21
35 98 98
863192 12 35
8096422 37 98
628581836 7 83
491521127993509 83 100
14 66 21
98 39 92
8245842 4 34
74349 1 94
140 9 46
6 6 75
11 38 10
560899062469 68 83
26 94 60
3120237 75 43
2044 55 33
125 15 59
30 8 68
996 85 38
6640165907 85 73
40 93 62
191443478805 4 7
49830306439 81 44
42 43 67
2 60 53
69920 38 34
121 88 49
135 50 4
32836767 28 44
440196965 77 39
24713258 93 42
112 12 1
412824505 61 49
3977 39 49
1867366 34 23
1846475 90 87
77 74 59
68251944 7 70
94 28 1
8874953 67 82
129 72 55
55 49 3
122 76 24
132 73 39
78 38 19
64 51 14
141 48 45
72 45 44
679965252920639 40 13
118 38 3
8 82 48
54 50 6
61 46 48
65 66 9
55 41 76
73 99 37
1219 77 86
2 50 81
89 33 74
879 48 94
7448 42 84
22 42 28
144 10 24
31 77 74
5774628631 41 94
77 36 56
71 81 64
8 93 17
1423764804625 57 91
2993815178 92 60
630740376400749 4 100
6890765850 88 77
19 65 44
47 77 27
1163208 60 25
323245111589802 20 63
29 43 44
24153 33 47
49 20 9
19 56 3
31419 49 73
45 37 1
136 49 5
36 50 40
91859 58 25
244301007 60 84
475938531003 94 28
102 48 97
101 44 76
54 45 37
122 54 50
147 28 37
81 66 82
139 58 46
38 30 15
112 56 88
120 57 14
133 51 31
75 88 9
858569268765 96 91
4558825236678 70 32
24 20 20
89 96 78
839968978476 30 67
9 33 11
156901712 22 48
83 67 73
36 80 51
136 97 12
5774113 68 41
7953081287805 1 75
78454583656 44 94
134 87 63
1231765 91 10
24890761 34 53
6 75 81
107 50 15
8 1 88
16 64 46
398634 65 21
748 57 3
146 38 30
137 1 94
7 62 52
37 64 37
94100 77 22
11 66 57
14 74 68
39 57 50
93 57 79
32 46 86
493256272905 23 12
2834373458 84 80
108 80 98
62994635 28 37
1 82 16
45 91 20
99 96 12
100 52 82
62053564 83 43
79921402673 28 32
75917 67 64
369 14 47
75 9 31
7736687163 59 17
144 64 92
63 14 77
111 18 36
122 63 86
189486453447496 56 0
4618774015380 46 57
126 33 58
134 70 93
396144341156 87 40
7538979369 30 30
8120 98 66
67 43 14
135 70 42
1402998971 73 4
25 5 70
9 62 18
11 18 14
1563 97 44
47 24 40
108 66 87
12 32 71
116 45 30
43 26 85
64 15 92
1605 87 14
50 18 36
9587488506 39 6
103 37 58
15 34 67
586521684448258 2 56
739 3 47
770196329436234 30 18
48 3 71
67 86 50
44 41 5
54463058235972 66 4
72832 2 32
73 62 32
51 59 74
2 50 42
6209798188 58 42
569064586912484 26 70
21 22 72
50767223 72 31
113996 42 39
132 87 20
44 31 68
4 58 20
6598544348 45 39
1 31 4
65 28 21
135 12 50
375706189 20 69
145 48 41
99 41 30
4604 44 35
711242 95 41
92 24 37
150 9 85
103 74 66
3 27 68
74 41 47
79 46 18
48 67 12
81641620 99 14
69067192528394 27 70
53 73 54
71 60 11
22 61 4
9663444760216 10 7
283417 46 11
9392 11 87
122 61 62
3 11 62
53 61 12
406841001552 61 22
982973 91 66
426153 28 57
684304 66 29
690285458388 19 50
839579 31 70
18 46 83
5687454289 84 35
97 83 44
62 24 29
855254563391 16 80
19 23 82
12336 77 58
2 20 87
988800148 94 80
3608446 82 51
88 6 13
134 34 20
7178506 43 22
3 50 93
66 37 36
24819098493 81 6
61767955 17 99
61 14 5
35 82 27
150 84 74
40 79 60
579160 92 61
88 74 72
607349249092 35 1
59 47 64
149 43 80
922377007 58 58
72 78 59
513705416375 36 66
23 55 35
184060075052 86 95
85 82 22
131 8 8
4602 91 54
8 10 10
1841486 77 29
16 69 40
25161 80 47
54 62 34
86 6 56
100850 92 32
77538 8 47
74194737888 52 49
8306664740662 20 41
102 60 67
141 20 91
4365 24 47
59879 67 38
125 15 31
519272393 68 13
27 29 35
94 27 88
5535802314169 72 45
12 33 85
10 35 54
61 68 30
5 97 84
94 79 80
17 57 42
3 54 49
1 14 68
1477889847243 61 46
38 41 20
7322756465481 23 28
62 31 12
396350 95 70
917440998241222 35 7
16557049708 14 67
146186490 94 63
110 62 42
29 57 89
124 50 55
93 62 71
46 63 62
76 63 23
19190509171647 27 84
27 16 68
29523505961138 19 94
44367297374 85 8
26918968 98 8
50 25 53
182271763685341 5 2
3 93 86
16 76 79
118 7 22
114 12 26
759221930215828 46 100
131 94 57
10 66 15
45 23 64
69 72 34
2 23 57
103 27 16
75 91 53
86 2 55
818 9 63
11228 14 37
93 16 67
144 32 54
15257624 4 53
162652116852 35 18
23 29 69
92 10 82
5018182 42 83
102 34 23
8083895 83 83
209138 15 43
53 82 82
56 98 63
34 50 35
111 55 67
2898265657970 57 78
247996 22 85
144 98 78
3948663 10 65
669274194595543 74 0
68 83 81
115 24 99
149 18 62
989618 27 6
84616658411 70 11
62 80 45
34 82 68
2 64 89
73 13 56
22309 11 50
70 80 8
149 64 57
6793343 60 97
18 50 6
91812897 87 98
55 59 68
116 66 33
29 47 31
21 93 4
6219928885 9 48
34807468959824 2 78
97 85 88
27 37 18
7532927040 46 25
6711 94 19
741926283301972 75 0
99 99 40
31 16 98
71 24 44
6233494500 66 40
762 62 55
8742390178323 81 1
93 17 36
1871211421166 12 5
25 53 78
79 94 73
74 4 74
113 26 22
904217 84 19
182692 22 90
28141235 84 65
6 14 45
40 71 50
9351 38 88
80 86 65
49 40 20
82 82 18
147 66 78
4 12 57
4291030 77 82
20 36 21
70 83 2
126 3 77
32 81 16
122 80 4
111 5 16
52049510668023 80 28
36840601 7 10
34938683521028 69 25
21 28 44
434 12 2
142 47 50
23 88 65
854668970828532 52 100
4603 50 10
331755253033 97 78
47 66 78
144 82 18
970948739065 56 81
63127382 49 47
326816 62 23
99 91 17
104 12 32
94 50 42
3879 51 89
27 98 78
139 56 18
66400799 79 49
79 73 21
89 14 95
38 11 23
3 75 17
101 66 60
83662 97 95
63240407913 72 27
83243 86 80
128 33 41
106 67 99
184098774 85 16
147 1 11
28 6 39
333 83 8
32449573594378 91 34
19 80 91
67069634 54 90
50 89 66
116 47 56
132 1 60
91445 42 69
53287921144 20 68
85 87 81
21922 23 67
111 8 20
87 70 81
52 63 73
7522187 31 94
69 65 98
66644289275 7 9
6072771 31 70
90089931455 76 43
75 62 83
30 68 14
35 96 88
9456 41 76
742947 51 61
63 57 21
67 99 98
20 46 10
451514681 67 8
119 24 15
5 43 32
136321679779185 92 71
7196521932 7 85
9444 60 94
91247 67 97
1 90 11
125 96 70
50 7 55
7442115 99 67
107 90 35
72880694 57 72
121 95 99
513 51 32
35126712071163 51 32
2 57 14
949295958127426 95 90
83 1 85
432323253605807 92 100
57672 97 44
97945930756222 50 5
92 13 38
984153 76 12
129 20 9
870943 11 5
9183 91 12
5272261614 74 57
10 83 3
55 48 25
141 78 53
3688 86 57
141 21 7
150 65 10
207098689835 76 38
840 70 56
8998553045584 82 67
31034307511241 74 1
53 54 62
9 30 65
20162345147449 65 30
15 15 98
107 82 14
33 27 1
122 93 9
11 15 23
82431532 40 4
52 73 97
123 84 11
23198043707 99 32
2 50 94
3622 96 64
1000000000000000 52 25
105 3 42
20 86 86
76 87 55
90713 37 87
73631 29 66
4 51 80
375569737971643 47 80
48 68 4
4859757752641 7 15
704107408466156 49 6
383 68 55
86 92 82
72 98 29
35 45 32
88 94 1
1 69 83
67149311 65 11
40 85 1
100 68 18
1123673012103 71 77
76 60 61
47 78 99
144572040965 16 27
51 86 33
412614398307600 42 0
65 29 60
9 22 75
8763691 75 41
35 92 29
88 40 88
264042872 26 65
142 38 82
7547571940906 13 36
391969 94 47
72 6 5
76075224770665 78 8
49 51 31
3 52 2
33 36 99
61067715913763 42 31
2542924 18 92
56726 25 49
27863186949892 56 34
93744807207 6 42
8 15 11
84 11 60
750321 31 39
94 87 13
287754392174 59 97
80243596 14 3
149 42 63
6117249573860 2 93
64 80 67
999387127109889 3 100
8 87 2
21 92 12
400062855 68 15
69 64 1
208 23 21
927 20 69
9954207281097 65 70
17965960154 52 64
62 53 75
13364593753966 66 72
689 93 54
133 31 16
39 92 34
18 40 36
105 37 15
8 97 51
632106116364276 58 100
63157 22 54
5 57 43
130 66 18
31 2 63
7061364 85 30
665 80 13
409835481227 53 84
611784526 91 87
575 43 80
40297 47 44
9749687510956 87 55
474 76 51
96 93 99
3639707033656 46 4
148 31 19
131 6 7
141 4 80
70 90 18
22405360527 39 65
99 75 82
7884876969 38 52
69 29 36
22360943782 12 33
543158967 58 93
932249 43 93
41 67 77
4189 96 96
64 90 26
34725686 23 51
68 22 14
33040294094646 57 16
47 9 17
82467 41 33
96512 35 3
183 18 81
1158780046115 45 1
904715287359 51 68
31 66 38
11 84 68
85 14 65
58 31 55
41 54 69
77 60 85
82882553075475 58 88
2 75 60
11695701 52 43
22 4 50
30319824037491 68 39
11 9 69
28941835754583 59 12
23 7 32
128 19 4
46 45 90
650545235011 73 22
7 92 88
4893814656 17 47
740676639 40 64
5076086 39 91
114 36 11
78401505016526 23 33
2950838114 41 73
60 14 88
56008309648 9 71
129 18 36
1 50 32
287812468180129 48 20
6090 24 29
65 58 95
148 78 56
94103654077 64 32
17 38 96
490333591338502 68 56
39 39 81
100 32 33
596636563195 92 55
9 29 75
10073472014994 75 52
82 68 15
72 78 4
36 1 60
982 85 53
45 51 68
58 40 92
358008875785768 42 63
88 69 74
120 38 59
56 18 97
12 29 86
6 50 99
90252989294875 48 31
55 81 7
45 44 23
19 53 13
656728 83 95
10 95 30
136 73 91
54 82 46
103 86 9
41623698857660 93 34
3820012 96 28
14 3 55
44367661872 99 63
51551972381 28 86
17 8 32
9734432065 55 94
41917218340 37 13
69 18 66
15 41 30
23680259322547 95 95
8960 28 29
6 38 98
97 96 17
21746 13 85
68 54 90
93310502467 15 12
65 6 8
1 40 75
46 19 40
1428381697256 92 29
234 3 29
111 36 51
75270698710 34 96
10 4 26
1725 49 55
12 24 84
96286965 19 74
65 77 9
13113976412136 25 68
80 13 97
108 10 8
10 66 72
3086 20 33
5 75 41
48 59 3
25 34 18
7 56 99
85 64 74
121 75 58
11 90 16
132 63 97
99 92 84
73 4 88
4 39 83
52 65 9
121 54 33
124 26 87
94527474412565 90 91
197571475880371 57 0
125 77 2
17 86 17
32 45 64
5842898172 56 82
48 63 57
145 67 66
100 89 23
878247 65 92
53194649360408 88 42
46 77 5
77 88 62
3496 91 60
21 35 39
52 94 8
5896211 20 90
25 92 68
99905278286 61 11
2125388 97 96
84961 37 35
5053427 15 9
9867985882 15 90
474373770868757 37 58
135 35 26
1 93 10
5010092723 79 66
27840 85 61
58 63 31
65844745 81 81
722096 44 85
58916434847979 58 29
36417741232541 81 92
147 5 75
905 98 35
59385897618 29 70
42019 18 58
261522477 41 48
3 71 53
27927591258 38 72
367304078 72 81
2230254 35 63
591194 54 36
466156200427294 21 88
444174 46 19
231223 95 63
32 49 19
6 36 96
116 30 13
85 69 98
53277434740860 30 96
51880654087 40 28
63 79 42
14 71 96
2464267034 0 100
36387902752 100 0
24281506377703 18 68
48 53 64
958143474306 89 53
140 79 74
73 49 85
32695657260415 54 35
148 9 39
78876504 97 27
4025860106209 16 54
27 36 9
9891488 20 65
133 17 5
843688336879992 0 100
65 95 25
62215 51 11
49 94 8
37 33 67
6085 44 19
4 25 12
10478228 66 95
92 18 33
66 38 38
135237893317 48 13
5809490516688 29 96
33 81 17
2181326817 49 69
56 83 26
2768 26 79
3 20 72
56 55 90
70 5 82
87 55 98
45 16 98
599 76 71
135 80 6
403 96 60
535772819182 41 85
646645821369 20 55
855 56 93
114 33 60
144 60 68
13238 88 18
7441637 76 61
21 52 53
21408882639 87 26
62 82 84
39341 15 87
5 47 66
8927109698694 3 52
8 71 9
111 19 94
3 90 44
107 87 47
2 26 53
42 84 10
101 91 3
41 94 49
34 28 75
127 51 62
435 78 91
139 26 70
30 82 93
143 55 23
139 57 51
62 5 32
63779 40 86
80 9 88
4 65 30
525546064891 37 58
56 93 97
105 90 47
551238 59 51
111 55 63
8 30 96
7 90 50
81 30 72
16 5 37
32 21 54
15 62 37
194011580628011 15 52
112 27 82
71896658435 33 41
137623870393 29 95
8 89 55
810745074 30 9
4553177786 9 80
133 20 60
90 92 25
12361061733 67 30
93787901139605 50 80
110 80 33
794 35 99
3 56 39
30 64 99
139 64 58
39 70 93
3680370928 57 85
2015537 54 37
68 81 76
119 81 30
99 81 84
150 1 63
655805321012 38 52
21368233 25 73
87 46 87
56 48 10
377258900 64 79
75 7 62
139 89 11
26 80 59
84 79 59
103608238142211 93 0
116 20 73
79 88 15
8 6 68
912617 36 4
105 90 74
31483262 28 68
739509506153 8 29
6203926 49 83
60414583535809 73 9
16 85 91
840077444700323 17 98
38 12 57
299877552619 74 17
788460067405413 94 39
39 26 16
4223525 80 15
145 38 88
117 16 79
70 42 55
86 53 21
54 81 55
636733929436149 23 95
69807 22 36
26 52 74
62622547 95 55
136 84 80
94 18 79
25423 47 73
90 23 73
146158653 26 26
5916763875 58 32
6007404195 90 80
115 2 71
912102905987750 69 100
793585755 99 28
6 71 26
132 12 51
611139226558285 42 13
8 94 36
40 63 78
971 91 18
1 84 95
856743677806437 16 0
71 78 78
144 59 14
26 38 11
41402644 39 47
61 90 1
60 2 36
77880 36 51
81 15 83
4673237 54 67
8209486473 92 64
206 27 67
79363968431 13 40
410852186949473 91 0
495499408 6 99
3198629973114 88 78
64 66 4
824720420675 93 92
149 95 23
254659963261346 29 51
2901173847626 4 32
132 74 48
34 12 90
3627448 12 95
297178598071662 96 83
571070 12 26
149 36 73
4 50 7
38 17 63
2768 4 62
73 43 22
117 88 45
126 5 5
5 52 64
992513780558294 67 83
71 46 86
146 8 30
911 85 82
112 67 28
11041456932 20 29
6610410427870 32 68
936826056046141 10 13
137 94 88
87 68 90
958098 58 21
53 51 46
57290245 85 15
16 74 33
23 1 83
96575397566177 49 44
52 95 98
46700469975225 84 32
138 79 28
832955328076 18 39
4 83 52
328864528 67 18
25 94 94
6779586330 66 79
27032 53 8
861757352717646 9 85
93 62 22
73 32 32
132 1 99
81031255398 65 27
142 75 47
102 57 64
196012092509 87 83
884 71 28
123 98 42
79134626144 87 33
84 22 44
47311477 78 98
27 13 89
843086337840 23 1
105 59 84
43 62 74
93 58 96
9 26 8
685962456097 90 79
722214642999 74 38
28 88 47
52 95 76
99 67 27
2966210 40 14
9 62 87
97 42 21
8 18 30
92 74 41
45855891727797 6 0
24 79 85
41 58 1
887834983748 41 62
96 82 37
616917 12 98
40402895648 60 88
1610 61 52
82 27 76
8652134931702 13 25
20 87 49
57 85 86
22960568289657 34 86
13 5 82
451677484231533 82 78
26562530502 33 24
18318 48 20
82109672579424 13 85
5843 50 21
80 81 24
143 92 65
82029505 71 76
32722388 73 92
70 37 84
4 8 47
76 98 90
86 3 60
95 95 52
1410970 60 96
149 42 30
109 98 99
42749591 15 75
72 31 17
30 82 58
8058 51 5
3700735 84 80
93 64 11
60986060 59 21
67 27 44
37 39 19
5804015531283 55 38
8456 97 34
132 83 25
8 9 53
144 19 93
97364 67 38
54335602016492 49 80
10 43 89
12964508120822 98 22
99 44 35
3 33 52
100 85 54
130 33 81
87829856 96 87
373175900129 46 89
98 58 11
9651 74 5
81 38 42
75 22 18
8806157334141 60 17
22 63 55
41 28 21
61 3 76
23690 18 31
52 17 11
18 76 98
669829464 78 39
66 35 94
797 79 61
74 64 29
8857 95 26
72 8 83
138474932713 36 91
62 20 83
270957822447291 53 0
433750085314410 94 88
113 80 90
4102312347715 90 79
47143645 78 55
116 74 32
65 50 98
107 30 95
49 81 47
2 32 33
5 42 99
56643163576 69 64
860803 15 4
131 4 90
31014865402645 67 83
231786256 95 23
2335603345 60 55
97 75 77
19002579605 98 51
115 37 54
124668 27 10
88 13 89
4129625 30 22
6690236751855 82 31
8233550492754 45 44
26 74 37
40172147822 5 4
25 4 63
44 39 67
466 39 33
10 90 52
60 52 30
1 76 36
65 72 76
52 63 33
106 32 51
66388652802063 92 18
46578628235 65 37
7 63 18
7795 2 53
36 81 91
98 80 44
635407 97 77
80 96 75
143349908 18 99
8 6 72
2 53 49
270336288924307 3 0
293908186 35 74
129 30 85
49 29 18
133 48 1
9235 68 32
93 70 62
65 65 42
9 49 37
31 92 76
98 27 25
81275022569 46 44
4 67 97
904171491807403 97 19
78 61 43
86 13 27
885947824950363 50 0
150 28 55
52 50 97
97 75 26
62 46 42
64248092 8 92
8 74 8
213268120 98 10
8700 60 71
116 4 54
7 47 30
134 94 39
97535 98 26
122599338878 1 76
394 4 31
121646233036944 51 9
4451 38 24
100246054318313 22 89
91 58 26
96 8 27
852079 16 29
24246807 28 39
86 33 57
2690345533 78 99
99 71 79
29 95 5
545861 46 52
14038 30 24
16 80 29
9106708 29 94
8968244 89 36
1177871504288 51 35
14 88 77
27 44 59
64 58 55
68102339066723 95 61
61 53 88
6 3 15
100 28 57
36559350620159 74 72
251964 66 35
42 65 34
3 47 53
11685201 13 80
17284485 67 7
2107 3 83
64 43 88
3 47 89
34 36 46
134359924436 50 42
5975597151 64 50
975514717 89 43
84 90 64
582 58 12
132 46 20
201288699371318 99 100
148 2 88
45 9 62
6 90 88
105 54 55
98339924468942 67 75
86 68 80
144 11 11
41 83 57
4 87 91
120 66 34
100 22 47
111 37 99
65 91 78
82 54 20
82543 32 27
63 82 6
261 84 43
18 75 60
35 95 81
31781842682 81 58
497016 54 91
5750019348 46 24
2619834548 10 73
116 22 83
79 39 8
5804292 52 29
30 29 7
82 3 4
2337559 22 3
5 79 40
54 88 43
54 26 18
25 93 94
66 96 83
894967 24 53
62 13 49
12 10 74
87 4 38
531020106386696 1 0
62 46 30
591306457852 79 9
9309664317 60 80
393216814913808 18 41
285998 78 83
92 42 67
2536186 48 98
67 2 2
109 8 13
93123383835906 50 66
119 29 69
3 6 8
75681 6 95
6685962909546 39 6
98586 97 16
120 67 25
54 11 38
78 67 12
8 70 45
14772600 51 35
137 77 93
86 81 3
56 12 94
87 86 43
891284503 31 69
793 18 87
147 87 76
127 85 20
23 98 47
21 51 92
1789249017 26 27
128 91 48
76 1 46
63521 31 78
808876670056 49 47
79 4 56
8 60 58
54 54 55
59 35 28
652 74 66
111 52 85
93 98 89
45653 34 94
92 47 2
7 92 12
2 29 27
213458721137 12 21
125 43 12
59 98 7
878843047621607 17 0
27 75 17
24 52 22
55 53 14
871018675145 32 30
49163714043175 68 79
93 11 30
60882395 76 93
134 55 46
1718238 80 10
807304432634904 58 57
57 90 7
72 5 75
2867747 79 34
477904414547 13 33
122 50 54
74 64 91
44 16 92
58 58 9
214 76 94
6488047 46 91
55 53 24
3 48 30
25 53 83
75728449654 21 32
43 22 70
8967359993 63 75
84 39 21
66 98 70
516248813664 75 80
113 54 44
45 15 10
13 86 6
40 75 55
43806 46 98
6813792518670 55 40
22 58 51
496559 32 13
5105318503 29 57
109 12 91
39794891691654 41 9
39 94 33
7415633098111 45 66
10 39 56
97185683427 42 22
802750933061018 16 100
50152 83 83
3573 71 9
66 62 93
412578113184127 91 0
1197436806 83 6
9190943629811 68 14
189 63 68
8918 44 87
594177424524 8 24
801350339093 69 65
148 71 45
1 71 44
122 55 42
64351937936 93 25
785421774305 27 2
25 44 98
115 38 15
124 84 49
80 49 71
864 70 30
23058 84 73
21293 4 70
526073 37 39
94003566818676 28 67
44 5 76
321280161832572 19 25
12155 99 83
92 72 45
344597674 26 28
606263600840479 18 7
125 88 85
83 94 99
797066243 12 24
117 87 44
9412 95 28
44 44 61
3 32 76
6 79 35
149 41 48
391738410525197 7 100
145 27 11
128 20 53
146 83 92
3438093 50 42
114 75 53
60 14 40
63026951 54 92
119 76 54
75 29 61
9874707128965 29 45
34 48 3
89087148406453 1 38
139870268049305 64 55
2516 1 81
792473167121378 60 54
35 43 97
35 55 55
376344363 29 59
954905232934 91 55
5115987 98 98
90 87 90
27 12 89
42520 88 90
113 95 8
82828 80 95
217794766015841 38 14
34 55 26
9978 11 95
92 54 96
79 92 16
100074 85 41
838 11 86
9785648439 3 1
993075 85 24
659 22 25
71 2 11
21770731 62 12
988 43 39
728249782 67 93
19 10 6
37 84 65
11 63 90
40939406837 70 32
599987 89 24
35 28 95
85 68 54
33 23 14
59 6 93
89 68 12
40 5 48
129055 5 35
18324045 70 33
42 23 98
27 63 31
22 86 84
3 12 10
9081724 7 49
3 67 27
5759588 21 72
2686333739920 63 40
2 72 38
805019 32 87
88 98 94
44 40 11
5 50 93
266917 78 11
190 37 72
100 93 7
2188 4 81
46 70 75
103 17 44
13 19 59
37 94 95
33 6 74
1 89 67
82506410575925 68 64
43557923657933 54 82
15 58 50
19 40 28
24880662 1 91
13 0 0
778889793161704 45 0
76 47 18
122 6 80
59 84 37
51326216739 34 69
24 17 73
173020775661742 50 100
655976576753228 40 10
9196 31 3
45 43 82
23 35 30
57 72 83
20135151827 93 28
72 3 44
129 37 7
4328 67 38
58 56 41
101 60 27
118 65 15
973711491 23 34
757318475235492 68 100
2548268 50 46
46 99 95
118 11 44
118 96 75
29779121 65 98
214389318 40 39
76846610523 3 90
66744 1 42
99 48 56
80040 57 65
865274205 62 3
75 22 55
67 66 66
85422284113901 72 23
440649 6 58
67 5 23
99 63 79
4634009 99 68
699051505497786 14 79
132 93 43
31428543 54 14
33 15 80
113 57 28
58 5 71
787 90 1
