100
2 55 11
6 94 61
10 92 93
6 82 52
10 100 0
4 50 0
8 90 57
8 44 89
9 30 94
4 50 100
3 61 30
9 2 35
6 0 0
1 50 76
8 56 13
10 35 84
2 39 84
10 71 20
8 90 72
3 25 60
7 0 100
1 72 33
10 76 7
4 46 53
8 95 31
1 50 84
3 51 69
2 25 76
7 2 54
10 90 80
10 54 54
4 48 7
10 59 44
10 93 35
3 61 52
2 20 20
1 37 100
9 80 18
10 85 86
6 38 13
6 92 52
6 2 36
2 50 58
5 61 72
5 93 9
8 56 87
7 89 22
2 15 69
4 25 83
4 76 98
8 35 95
1 60 0
10 44 81
2 50 99
6 80 2
2 33 43
10 53 7
4 80 88
7 63 65
5 80 55
5 31 4
4 25 53
10 70 3
8 95 54
5 64 93
2 85 89
10 43 0
9 72 99
10 64 12
1 50 44
3 25 96
8 87 64
10 10 66
10 2 90
1 79 56
4 33 23
3 83 32
10 65 72
3 60 97
6 20 70
7 72 90
10 61 35
9 100 100
10 56 92
1 33 8
5 20 60
10 10 1
9 39 23
10 18 74
3 41 97
7 89 61
2 50 26
3 71 8
8 67 23
2 43 41
5 25 37
3 82 45
3 7 94
1 84 66
4 66 6
